0.000000000000000000e+00,-3.333333333333333703e-01,-5.999999999999999778e-01,-7.142857142857143016e-01,-8.181818181818181213e-01,-8.461538461538461453e-01,-8.823529411764705621e-01,-8.947368421052631637e-01,-9.130434782608696231e-01,-9.310344827586206629e-01
-5.000000000000000000e-01,3.333333333333332593e-01,-1.999999999999999556e-01,-4.285714285714286031e-01,-6.363636363636363535e-01,-6.923076923076922906e-01,-7.647058823529411242e-01,-7.894736842105263275e-01,-8.260869565217391353e-01,-8.620689655172413257e-01
5.000000000000000000e-01,-7.777777777777777901e-01,1.999999999999999556e-01,-1.428571428571429047e-01,-4.545454545454545858e-01,-5.384615384615384359e-01,-6.470588235294116863e-01,-6.842105263157894912e-01,-7.391304347826086474e-01,-7.931034482758620996e-01
-7.500000000000000000e-01,-1.111111111111111605e-01,6.000000000000000888e-01,1.428571428571427937e-01,-2.727272727272727071e-01,-3.846153846153845812e-01,-5.294117647058823595e-01,-5.789473684210526550e-01,-6.521739130434782705e-01,-7.241379310344827624e-01
2.500000000000000000e-01,5.555555555555553582e-01,-9.200000000000000400e-01,4.285714285714286031e-01,-9.090909090909093937e-02,-2.307692307692307265e-01,-4.117647058823529216e-01,-4.736842105263158187e-01,-5.652173913043478937e-01,-6.551724137931034253e-01
-2.500000000000000000e-01,-5.555555555555555802e-01,-5.200000000000000178e-01,7.142857142857141906e-01,9.090909090909082835e-02,-7.692307692307687184e-02,-2.941176470588234837e-01,-3.684210526315789824e-01,-4.782608695652174058e-01,-5.862068965517241992e-01
7.500000000000000000e-01,1.111111111111111605e-01,-1.199999999999999956e-01,-9.591836734693877098e-01,2.727272727272727071e-01,7.692307692307687184e-02,-1.764705882352941568e-01,-2.631578947368421462e-01,-3.913043478260869179e-01,-5.172413793103447510e-01
-8.750000000000000000e-01,7.777777777777776791e-01,2.800000000000000266e-01,-6.734693877551021224e-01,4.545454545454545858e-01,2.307692307692308376e-01,-5.882352941176471894e-02,-1.578947368421053099e-01,-3.043478260869565410e-01,-4.482758620689655249e-01
1.250000000000000000e-01,-9.259259259259259300e-01,6.800000000000001599e-01,-3.877551020408163129e-01,6.363636363636364646e-01,3.846153846153845812e-01,5.882352941176471894e-02,-5.263157894736847364e-02,-2.173913043478260532e-01,-3.793103448275861878e-01
-3.750000000000000000e-01,-2.592592592592593004e-01,-8.399999999999999689e-01,-1.020408163265306145e-01,8.181818181818181213e-01,5.384615384615385469e-01,1.764705882352941568e-01,5.263157894736836262e-02,-1.304347826086956763e-01,-3.103448275862068506e-01
6.250000000000000000e-01,4.074074074074074403e-01,-4.399999999999999467e-01,1.836734693877550839e-01,-9.834710743801653443e-01,6.923076923076922906e-01,2.941176470588235947e-01,1.578947368421053099e-01,-4.347826086956518843e-02,-2.413793103448276245e-01
-6.250000000000000000e-01,-7.037037037037037202e-01,-3.999999999999992450e-02,4.693877551020408934e-01,-8.016528925619834656e-01,8.461538461538462563e-01,4.117647058823530326e-01,2.631578947368420351e-01,4.347826086956518843e-02,-1.724137931034482873e-01
3.750000000000000000e-01,-3.703703703703709049e-02,3.599999999999998757e-01,7.551020408163264808e-01,-6.198347107438015868e-01,-9.881656804733728316e-01,5.294117647058822484e-01,3.684210526315789824e-01,1.304347826086955653e-01,-1.034482758620689502e-01
-1.250000000000000000e-01,6.296296296296293171e-01,7.600000000000000089e-01,-9.183673469387755306e-01,-4.380165289256199301e-01,-8.343195266272189770e-01,6.470588235294116863e-01,4.736842105263157077e-01,2.173913043478261642e-01,-3.448275862068961306e-02
8.750000000000000000e-01,-4.814814814814815103e-01,-7.600000000000000089e-01,-6.326530612244898322e-01,-2.561983471074380514e-01,-6.804733727810650112e-01,7.647058823529411242e-01,5.789473684210526550e-01,3.043478260869565410e-01,3.448275862068972408e-02
-9.375000000000000000e-01,1.851851851851851194e-01,-3.599999999999999867e-01,-3.469387755102041337e-01,-7.438016528925617266e-02,-5.266272189349112676e-01,8.823529411764705621e-01,6.842105263157893802e-01,3.913043478260869179e-01,1.034482758620689502e-01
6.250000000000000000e-02,8.518518518518516380e-01,4.000000000000003553e-02,-6.122448979591843532e-02,1.074380165289254840e-01,-3.727810650887574129e-01,-9.930795847750865102e-01,7.894736842105263275e-01,4.782608695652172948e-01,1.724137931034481763e-01
-4.375000000000000000e-01,-8.518518518518518601e-01,4.399999999999999467e-01,2.244897959183673741e-01,2.892561983471073628e-01,-2.189349112426035582e-01,-8.754325259515570723e-01,8.947368421052630527e-01,5.652173913043478937e-01,2.413793103448276245e-01
5.625000000000000000e-01,-1.851851851851852304e-01,8.400000000000000799e-01,5.102040816326531836e-01,4.710743801652892415e-01,-6.508875739644970349e-02,-7.577854671280277454e-01,-9.944598337950139033e-01,6.521739130434782705e-01,3.103448275862068506e-01
-6.875000000000000000e-01,4.814814814814813992e-01,-6.799999999999999378e-01,7.959183673469387710e-01,6.528925619834711203e-01,8.875739644970415121e-02,-6.401384083044983075e-01,-8.891966759002769560e-01,7.391304347826086474e-01,3.793103448275862988e-01
-7.611121853188107522e-01,-2.360927839307125908e-01,-4.720901590608334031e-02,9.832428807729975961e-01,-2.855075881262663651e-01,-9.637006173469934989e-02,3.264548111017524512e-01,-2.514763941189486762e-01,5.297195362300014532e-01,9.841066777183232750e-01
-5.009968795115875562e-01,7.131258144927080656e-01,1.011527276299510891e-01,1.215782543019868489e-01,-1.048304573948234397e-01,7.644257333509772989e-01,-8.646422346118457503e-01,7.538082228606266533e-01,9.311970964042277643e-01,-9.655562776639379230e-01
-6.542687478804837253e-01,8.549124202318900689e-01,2.997468935035149107e-01,-9.976314833146410210e-01,5.576019730653081208e-01,8.165848436115251685e-01,9.955967696622016749e-01,9.992263449486740168e-01,-2.630847052349827297e-01,-2.774357934441926046e-03
3.178800934460390137e-01,1.742834847862406028e-02,-7.048250152796523560e-01,-5.374119680590024734e-02,-5.621791202115010710e-01,9.916378682955737656e-01,9.616137558182750178e-01,-3.980884516303153098e-01,9.976014552166400096e-01,-9.399761084277986622e-01
-4.403721569301460304e-01,9.557472013272946265e-01,4.268078143008854561e-03,5.291857945644273808e-01,9.792241074382399546e-01,7.550763284332436820e-01,1.000000000000000000e+00,2.316763393336950805e-01,-8.920643602800426564e-01,2.240743153576989916e-02
-6.670799151768356250e-01,9.224747391510987882e-01,-6.385809529971169241e-01,9.899106107178233804e-01,-2.576830952111759387e-01,-8.163072844400413031e-01,-8.350189047575875545e-01,9.469720015729568008e-01,-7.830606772145819461e-01,6.984442007642660544e-02
-1.000000000000000000e+00,-9.999999999999996669e-01,-1.000000000000000000e+00,-9.999999999999998890e-01,-1.684074987916600250e-02,1.000000000000000000e+00,-2.985498516569359828e-01,5.926296773734091028e-01,-9.999999999999998890e-01,9.999999999999997780e-01
-9.503728821387575909e-01,2.304091181525348975e-01,9.304104937831122468e-01,7.227159671284522080e-01,4.123337196230513202e-01,-1.069230437794491395e-01,9.985656262757662827e-01,-8.593801572135797429e-01,-9.461744120673591940e-01,-6.805809003128178158e-01
-1.733023102887417677e-01,9.832565308015689398e-01,3.575262128525326655e-01,-4.248670853203562747e-01,9.997603957943737019e-01,9.547167481666019029e-01,4.398154243310549161e-01,-2.456675934746027634e-02,-8.866109068116986847e-02,8.880798737083505090e-01
-5.618223627029267364e-01,3.761249422119558039e-01,2.990760421227304233e-01,9.586923018420950848e-02,8.862951059164525525e-01,4.865903715765212967e-01,1.096729038094955699e-01,9.928892213243032394e-01,5.727079107737621522e-01,9.110695846852711055e-01
-4.254385089794980868e-01,-5.184022104818291066e-01,-1.536855156848205284e-01,6.277661096350388714e-01,5.176797850041793270e-01,3.063992030495846786e-01,-1.359965341684450484e-02,3.784938080396976212e-01,7.341584044744281501e-01,8.484873997920608923e-01
-5.344636739772754552e-01,9.160024607092168702e-01,8.964009597237139193e-01,9.522640268587139190e-01,8.458500827668625766e-01,-9.468778338713002007e-01,-3.561834966554501269e-01,1.255831230045803271e-01,9.517635626177355368e-01,-9.836028024407171833e-01
1.831783746436307092e-01,-6.880416126523954956e-01,-3.442026645539256191e-01,9.853872756689837642e-01,-1.863827518336881595e-01,-5.747594977183793086e-01,9.168730276069779750e-01,-9.980964642158158817e-01,-9.982272542034167362e-01,-6.569659650555687014e-01
-1.000000000000000000e+00,-9.999999999999998890e-01,-9.999999999999998890e-01,-9.999999999999996669e-01,-1.000000000000000000e+00,-9.999999999999998890e-01,-1.000000000000000000e+00,-9.999999999999997780e-01,-1.000000000000000000e+00,-9.999999999999997780e-01
-3.338754178617843182e-01,9.825121627850187389e-01,-9.504534542502025563e-01,9.962374534809433912e-01,-5.967009961164644327e-01,6.646362664142257959e-01,6.485804146876151810e-01,-9.356591498552496722e-01,9.982409042944551114e-01,-2.229244016041320997e-01
-8.709274665687035677e-01,4.612129463180900113e-01,4.918659164757271940e-01,-3.540931537673907004e-01,-9.998658182578603615e-01,-9.962060357940032418e-01,-3.082197722776690019e-01,2.676727745129117708e-01,-8.404749395851179861e-01,-7.922401459102628163e-01
-8.032289337960011322e-01,2.892994320304861922e-01,8.708770920335244803e-01,7.118455866418089695e-01,-5.471373226391394728e-02,4.287487447036896215e-01,-8.924005440767372732e-02,5.806950273360188541e-01,-1.954429349355427947e-01,5.002202144753429280e-01
-6.542228161598135916e-01,5.358405470227444178e-01,3.848284373039673190e-01,-9.180314296933046458e-01,-9.129673391570257701e-01,-9.566004794079918661e-01,-3.133369180134222831e-01,6.594996868911855437e-01,-8.052433980672409897e-01,-1.212142294976829848e-02
-9.004693362214581942e-01,-2.760707241160331726e-01,-1.790431605284422967e-01,-4.229137240477737897e-02,3.473021601799026192e-01,2.174749448479921521e-01,9.459514970834795866e-01,-4.594317126208208313e-02,2.172234487834562300e-01,-7.460045809193524002e-01
-9.307900830966193695e-01,8.073603006637605217e-01,5.919973190283437381e-01,-9.003777494181444130e-01,1.863570537260662019e-01,5.976666942429434415e-02,3.597556894850102438e-01,9.342419672548893383e-02,-6.120338873335332552e-01,4.467739275451614867e-01
-9.998466748528721526e-01,-9.966785985434054584e-01,-3.144816171485859124e-01,1.283109925376799965e-01,-9.149380672183203833e-01,-7.662296879623679002e-01,7.258544754252238551e-01,3.018259602607551439e-01,-8.101853101895709619e-01,-9.914315819853303235e-01
-9.999999999999942268e-01,-1.746164556082604666e-02,-9.573097665501357767e-01,1.483553322687966407e-02,-3.676181549173488383e-01,-3.798178922064379126e-01,-9.756890753494421586e-01,8.759403974886988964e-01,-9.845397567895541879e-01,5.248734316176764114e-01
-9.999991977307000068e-01,-2.607666693737154540e-01,-1.039720208062885481e-01,1.700728895553702338e-02,-4.700367011106632020e-01,-8.732210566738088930e-01,-6.382572524045773132e-01,5.649826756937554872e-01,5.078486269488312332e-02,-9.797798633290117909e-01
-9.997883788174311004e-01,-8.428418029638252706e-01,2.714764548555051449e-01,-9.842339632344093703e-01,-4.260270373321075055e-01,-2.702274446048844037e-01,-7.398483808776818993e-01,5.377744637096154579e-01,-9.985253896122223694e-01,-4.430395123445977634e-01
-9.999999999999984457e-01,-2.294934209241134559e-01,-9.998751806412441434e-01,-3.391719055212466527e-01,3.807814744355668413e-02,-3.668173224925981302e-01,-4.784580047348573895e-01,-2.001274668602767426e-01,-2.609143733904065732e-01,-2.046739977091233675e-01
-9.998693691586251209e-01,-9.442282732494018394e-01,7.350037519037204425e-02,1.169899327093823320e-02,-8.298669033186353294e-01,-7.463011656693980811e-01,-9.957198257937721619e-01,-7.110336521459896808e-01,1.046372694956787010e-02,-9.445789695317132750e-01
-9.926913800146452971e-01,-6.015835841654468830e-01,4.181801359416913444e-01,-9.006779476620873082e-01,-9.380741167132360392e-01,-7.814213603791377860e-01,9.168426961796658503e-01,-4.710135844331826416e-01,2.552691459405411964e-02,-4.820974018822683504e-01
-4.530001503677087427e-01,-4.858675281306004123e-01,-9.978261519866088447e-01,-6.588955608339243097e-01,-9.852020118712768726e-01,-4.297479012939998677e-01,-9.649546839020962663e-01,-6.987664429842237457e-01,-1.375730866588385226e-01,-9.932723624112337335e-01
-5.121596755806769874e-01,-5.783280047563936765e-01,-9.851213424494975612e-01,-5.597616231431659095e-01,-8.457441180795952640e-01,-8.872398913712614688e-01,-9.800814876837097289e-01,-9.691304288154962698e-01,-2.280220223111770750e-01,-5.284967284687785982e-01
-9.999042783638362186e-01,-7.313240979343255121e-02,-7.281683138054505511e-01,-1.405273450715063821e-01,-5.773648928129061497e-01,-2.338556919959150771e-01,-5.577986059755838388e-01,6.267218685349401630e-01,-3.120159059830665549e-01,7.452100733232748242e-01
-7.131349666324087178e-01,-7.161182844965755523e-01,-8.965042491809962488e-01,-5.261522251055801291e-01,-2.033177739922235883e-01,-9.161667458632055672e-01,-9.833076731060763631e-01,-3.509555231117417184e-01,-9.168879208307247897e-01,-8.610606755745601193e-01
-9.996074789657569681e-01,8.578616176994979803e-02,1.809265603812966194e-01,-5.792356183040967554e-01,5.202705994879153889e-02,3.411737272781136809e-01,-4.366833738836110590e-01,1.291152454804811167e-01,-9.977111877065769630e-01,6.166028409222249450e-03
-9.999999999999956701e-01,-6.749816158615812300e-01,2.979083041444236524e-01,-8.111745300838303363e-01,1.916921501474364020e-01,-1.181232826613283077e-01,-9.932667446112966592e-02,-3.503509952839704011e-01,-8.759729247400556140e-01,9.535406048714258898e-01
-9.998147950831163255e-01,-3.884432103299197414e-01,1.239756212208496522e-01,-1.184798199402755658e-01,-9.856851528004164642e-01,-5.016598801644983618e-01,-6.862484584704815482e-01,-3.667951086043113595e-01,2.242739292362850301e-01,-9.325500606274500504e-01
-9.988602810786283426e-01,-4.384932881340221633e-01,6.866497112524876378e-01,-2.722908088193192189e-01,-7.801400913343206622e-02,-3.330423931054597442e-01,6.351123624534041889e-01,3.527696817995764622e-01,-8.776919188612177791e-01,-9.834564260044094397e-02
-9.935403429521018071e-01,-9.097236705114676303e-01,-9.223169997976506940e-01,-9.707260311666037200e-01,2.371924212927817299e-01,-5.327649875700635196e-01,-9.561605641483984508e-01,-2.991687303804993481e-01,-8.859063665337415516e-01,-1.059157616813966862e-01
-9.999999999999980016e-01,-8.080018813778743203e-01,-9.999017110598414915e-01,-2.134767582305225064e-01,-8.236643955421091290e-02,-8.898501486241698899e-01,-8.310476673574336282e-01,2.141681200547912445e-01,-8.595584503643244334e-01,-6.127402265661286984e-01
-9.999999999999975575e-01,-7.263278244509417947e-01,5.256299064400891258e-02,-6.155922018860057188e-01,2.353881497406630774e-01,-1.770387867331250087e-01,6.572171554674349769e-01,-2.016658048220179855e-01,-8.153042395553848909e-01,-6.697814234576271453e-01
-9.997279530400232650e-01,-3.645298479545167059e-01,-5.118776126343572708e-01,1.842884555347406306e-01,-6.037242093330035253e-01,6.304001623715926872e-01,1.613427435825030287e-01,-8.413207130078792506e-02,-9.999445514057611062e-01,9.444814862520720666e-01
-9.996753645162822499e-01,-5.005756705148789454e-01,-9.175108947377533797e-01,2.536806684835019032e-01,-1.628305883345277649e-01,-2.432939858084824658e-01,-9.052164933637485422e-01,-5.883547512445407301e-01,6.740000903558276413e-01,-9.960818942866020986e-01
1.584122212681766673e-01,4.752220635593626952e-01,-6.019674787339681643e-01,-9.999999999999275024e-01,-2.094493440666396755e-01,-9.999999999999454880e-01,-9.999999999999399369e-01,-9.999999999999873435e-01,-5.028693039375292662e-01,-7.859774691196009799e-01
-9.999999999999128475e-01,-8.021487121266799303e-01,4.050200742907458101e-02,-2.679539648287728171e-01,-9.999999999999781286e-01,-7.114026654469525202e-01,-1.493032966362826952e-01,-5.005687980770767709e-01,-9.999999999999976685e-01,-2.265377688930979017e-01
-9.999999999998743228e-01,-9.999999999999692468e-01,-9.999999999999745759e-01,-9.999999999999686917e-01,3.432138909723728148e-01,-9.059582434784102523e-01,6.436723096585935666e-01,-9.335174215267940667e-01,2.712516241977402376e-01,1.226279986826427637e-01
-9.999999999998941957e-01,-3.846293979838930621e-01,1.267630137001794222e-01,-8.339106667814547569e-01,-9.662087623325501529e-01,-4.644378889134173072e-01,-8.915603649997392299e-01,1.618973081516637824e-01,-1.804246361270118726e-01,-9.999999999999674705e-01
-9.845879895732553289e-01,1.623086322051349450e-01,-7.671692449773168665e-01,-5.853776620921902207e-01,-9.999999999999223954e-01,-8.982937230972708464e-01,-9.999999999999429345e-01,-6.465287722797531389e-01,-3.055330662093966865e-01,2.144862652427692307e-01
-9.999999999999342748e-01,-6.905752000952403158e-01,4.008228249260685216e-01,-9.999999999999616973e-01,1.777008159712413493e-01,-6.070323755943647370e-01,3.722314448963753297e-01,-1.247138096580081290e-01,-8.111649895689582168e-01,-7.328559198459407842e-01
-8.751957997665621436e-01,-6.774514119574161219e-02,-6.095797137672012145e-01,-9.999999999999995559e-01,-8.892310733171021608e-01,-7.672776547356081611e-01,-3.173785426884120908e-01,-9.999999999999682476e-01,-1.337235501032261464e-01,-3.866154995472088074e-01
3.352658006909116639e-01,-4.051281762955369348e-01,-4.821221484947081359e-01,1.189595545101966275e-03,5.541040747712634440e-01,-4.023210052532146808e-01,-7.054667461762098579e-01,-4.531847744469234551e-01,-9.999999999999200639e-01,-9.999999999999832356e-01
-9.999999999999558131e-01,-4.767296118547646455e-01,-2.051240576047560493e-01,-9.999999999999876765e-01,-5.155670439741361077e-01,-8.406207285711795318e-01,7.281079857676906464e-01,-2.595446763097858378e-01,-8.136887917628967681e-01,5.941325492389020191e-01
-9.999999999999354960e-01,-2.071143337069337176e-01,-9.999999999999779066e-01,-9.999999999999851230e-01,-8.672731362211071326e-01,-3.820727637712836300e-01,-2.659820423745699533e-02,-7.113816113517359430e-01,3.251502510313594718e-01,-2.859348955593174479e-01
-9.999999999999594769e-01,3.506038755263294338e-01,9.157192015440313027e-02,-9.999999999999976685e-01,-6.440664842487675568e-01,-1.698699925289746671e-01,-9.005440370667040506e-01,-5.700022112440220612e-01,-2.366659277925928923e-02,-3.962412974926680098e-01
-9.999999999999494849e-01,-9.241038834832300541e-04,-9.999999999999819034e-01,-1.088286407102818099e-01,7.938034513941118198e-02,-8.720111599413847836e-01,-4.844958402995154512e-03,2.758941104611208339e-01,-4.086972650785776207e-01,-3.447567891341472013e-01
-9.999999999999679146e-01,-7.929871082612156563e-01,5.386000418926363276e-01,-1.937608915023567302e-01,-9.524422875920460566e-03,1.920318327395458824e-01,6.851063726929743081e-02,-9.999999999999852340e-01,-8.265610826692015856e-01,-1.138097389269736442e-01
-9.999999999998733236e-01,-9.999999999999797939e-01,-9.684224136618274636e-01,7.836896313774396328e-01,2.374120686455546414e-01,-9.999999999999386047e-01,-5.333714349601431648e-01,-7.212063103492394323e-01,3.648724646058270626e-01,-9.999999999999472644e-01
-9.999999999999062972e-01,-7.794312134883389920e-01,-7.802426018258380447e-01,7.015390814544091302e-01,-9.999999999999396039e-01,-9.956222267630571165e-01,-1.659330449101791283e-01,6.240473713472466377e-02,-9.999999999999367173e-01,6.025646684375309814e-01
-6.332198643661340887e-01,-1.925450322758756050e-01,-2.951464379244155278e-01,-3.270713661925944149e-01,-9.999999999999706901e-01,1.006053663631399642e-01,-7.113826260520682565e-01,-9.999999999999957812e-01,-9.999999999999897859e-01,-3.177013528825676780e-01
-9.999999999999340528e-01,-4.358826491581578866e-01,3.433639030872109310e-01,-7.603462613615935561e-01,-5.570827128503299530e-01,-1.249208883706231371e-03,1.019060582303799173e-01,-1.785207375663284135e-01,3.675375251483985195e-02,4.115885337069686845e-01
-8.179140004779917872e-01,-9.999999999999807931e-01,-5.340055531060514671e-01,-7.165812336234532731e-01,-6.376618967857508036e-01,-6.416174661609149593e-03,-9.797749295793408697e-01,-5.818823107721841081e-01,-9.761085153259816405e-01,-9.999999999999893419e-01
-9.999999999999247269e-01,2.721479944509960225e-01,-9.168109117818091791e-01,-9.999999999999640288e-01,-2.805340478113942937e-01,-3.687922144836887628e-01,-7.411892536344401039e-01,-3.105305482002571615e-01,2.869311913991866303e-02,4.703992832995506079e-01
-9.999999999999173994e-01,-7.046841543285237153e-01,-7.255581752688301522e-01,1.866150776218244434e-01,-2.488784927842336014e-01,1.490196718459536884e-01,-9.999999999999984457e-01,-6.056268496373851812e-02,-9.795072486065413697e-01,-6.293805877668045001e-01
-9.790993732229393842e-01,-9.045984880721109900e-02,-4.378886019248756645e-01,-3.733664236843247108e-01,-4.456030261139874438e-01,-4.621618105070190996e-01,-8.610293019563469707e-02,-9.932016780035129999e-01,-1.821806839930079358e-01,-4.342629451438111410e-01
4.167055724409425288e-01,-9.999999999999995559e-01,-9.998670576269125254e-01,-3.428160671049352848e-01,-9.994874958843457113e-01,-1.000000000000000000e+00,-9.998006613388541464e-01,-9.999999999999994449e-01,-9.993425686379465711e-01,-9.999272441109745557e-01
-9.699687948200035326e-01,3.774137398301464774e-01,-8.478964776730409936e-01,-9.439846299183060063e-01,-3.647458616557816002e-01,5.152299893160364741e-01,-8.145432102866186908e-01,-9.686273956443626210e-01,1.843873557569135346e-01,-9.234659954869991472e-01
-1.000000000000000000e+00,2.564801825074781647e-02,-9.974655161237776513e-01,4.776852110023147024e-01,-6.182909575461028456e-02,-2.802935235875908537e-01,-5.178119014662578845e-01,-5.974711269923824730e-01,-1.289743243064551403e-01,-9.265072931640021547e-01
-1.000000000000000000e+00,-3.348866976796793793e-01,-9.798035583446190744e-01,-4.877648438056502167e-01,-4.235504398413042493e-01,-9.991596769359167851e-01,-6.623637724825105488e-01,3.346088898927028210e-01,6.210437164333398180e-02,-3.052294486936412143e-01
-9.999999999999997780e-01,-8.319799472792281936e-01,7.263403692981801330e-01,-8.726404577004438501e-01,-6.064480714060270783e-01,2.031565513152212010e-01,2.928027902931612525e-01,-2.714521852191227325e-01,1.626673056215928725e-01,-9.988702806135186796e-01
-9.927339214087201880e-01,6.842259703482928002e-02,1.808808385120809492e-02,-6.137274349036880849e-01,-3.028423355339718293e-01,9.090533102220992312e-01,-6.886953921302961801e-01,-9.484835312498286486e-01,-5.307299793806911914e-02,-9.999999999999984457e-01
-9.994541513855775827e-01,-1.390308477359100958e-01,1.214869908784977082e-01,-5.810286064234126968e-01,-2.541179778353327423e-01,-1.025376099823077092e-01,1.037117855261722593e-01,-2.160549645644909700e-01,-3.417505471407923934e-01,6.122150667778508693e-01
-9.557835982293636512e-01,1.057316133428538446e-01,-8.368098200784390706e-01,-9.285042454784671051e-01,-2.836439208711616367e-01,-3.795718142653412563e-01,-9.480961121827824467e-01,-3.126250591717847360e-01,-8.852586234218982053e-01,-7.052657877725455604e-01
-1.000000000000000000e+00,-8.903238884745847681e-01,1.466587143315916941e-01,-6.232440662948106613e-01,-8.682984898464068957e-01,-8.744238466966272050e-01,1.245540929774104424e-02,-9.991467504393886090e-01,-8.017866172830629967e-01,-2.958512486190808533e-01
-9.948430874176400485e-01,-5.960811547072036864e-01,-9.587118081748119414e-01,1.539412091051775011e-01,1.512394424047854569e-01,-9.402617877092157572e-01,-6.436454392353165854e-01,-7.130773796928356889e-01,6.505700775318116191e-01,-8.863433632622125247e-01
-9.999999999999995559e-01,-8.930691005539453942e-01,-9.957498837426109750e-01,-1.291009742635484958e-01,2.182457960365380423e-01,-6.834223429345014367e-01,-2.671032333271902356e-02,-9.459368786910208327e-01,8.143919025753345586e-01,-9.561639492052622646e-01
-9.650162493728328128e-01,-9.865778341477922098e-01,-9.996912629885444934e-01,-7.750597558476515214e-01,-6.453523881457774447e-01,5.378239884064030252e-02,5.842456609522279631e-01,-9.335122284851405938e-01,-1.946620415376291990e-01,-6.775305545085937853e-01
-9.999999999999996669e-01,-8.374894040737493883e-01,4.036709731750739438e-01,-7.580761194290726035e-01,-6.471312148315313539e-01,-4.235707348434792352e-01,-9.984359363669479404e-01,-9.329440117364231622e-01,-5.331110888033719908e-01,-8.598774309768925095e-01
-9.875800091246320633e-01,-1.563955422868512080e-01,3.488673842762636257e-01,-4.540447169967271046e-01,6.902072123694845684e-01,-6.551247036263330159e-01,2.510399657899995418e-01,-9.812884291883481325e-01,-7.600690554821134537e-01,-9.740701679924926859e-01
-1.000000000000000000e+00,-6.150261160974173080e-01,-9.983321760748521401e-01,-4.450170788222934659e-01,-3.790279640708779652e-01,-2.702157265292828292e-01,3.823824838562696060e-01,-1.788332034338590421e-02,-9.202422612337131103e-01,9.973095526096091845e-01
-9.999149314824558044e-01,-4.757327370898875585e-02,6.293306471243820255e-01,2.160683132000586204e-01,-9.944333894461365730e-01,-5.867604770846869267e-01,-1.612575815610406971e-01,-6.041422993236035266e-01,2.261958987758367901e-01,-7.625308203356808701e-01
-9.999999999999990008e-01,-1.090970647739207822e-01,6.194982529393664450e-01,-9.999856542376424073e-01,5.514925163881495562e-01,7.284744876527099455e-01,-6.617365444279103004e-01,-6.567944734097121984e-01,-9.999999999999992228e-01,-6.862186010539950143e-01
-9.929680689132921456e-01,2.213977882986758738e-01,-2.975091208249251440e-01,-4.784414681521763080e-01,1.565908070039413180e-01,-6.196077684831318155e-01,-8.322103529315285630e-01,-5.603304795217732837e-01,5.127668351418979142e-01,-1.000000000000000000e+00
-9.654737147623232429e-01,4.941470917107427391e-02,4.235411681487119030e-04,-7.883489473197200503e-01,-2.818370461963571327e-01,-9.239062198576333262e-01,-3.456333135248134125e-01,-6.708573025598300044e-01,2.515929226384659434e-01,-9.140762588149115020e-01
-9.731353853870104986e-01,-7.339382409692373210e-01,7.353747879994591008e-01,-9.599409037202881745e-01,1.975332218950806296e-01,-9.667198933762184421e-01,-6.229771698754745790e-01,-9.660162587927555444e-01,-5.711396258604714005e-01,9.698287429074614607e-01
-9.935731240362825067e-01,-8.874688404019255294e-01,-9.792053800897796423e-01,-6.383173449573869007e-01,-6.540417728910010720e-01,-2.974862569717171557e-01,1.795627411534206908e-01,1.658437518193156823e-01,-9.938301620564936600e-01,-9.738722823723117150e-01
-9.975310935794342582e-01,-9.413684340105582526e-01,-9.508882724174315682e-01,-9.757519300657436778e-01,-8.996884596009844248e-01,-1.791823413901024731e-01,-1.389673354103161951e-01,-9.783247289441530103e-01,-4.164386590012482126e-01,-2.609855105480438087e-01
-3.617906502598143836e-01,-3.955708383665795802e-01,-8.117957800228282617e-01,-5.039679101706766584e-01,-4.630485577596918367e-01,-8.575666203588521164e-01,-6.841329572457225394e-01,-9.840173364273847589e-01,-9.057790811315659107e-01,-8.782526184629275701e-01
-9.905186867569562015e-01,2.816156935831970465e-01,-8.802275375478432196e-01,-5.218636337852728957e-01,-4.769032545948246882e-01,-2.980179192750542772e-01,-3.287266770186609288e-01,-2.848277215305329846e-01,-7.496027844868362600e-01,-9.991549502635229674e-01
-2.158019672305257486e-01,-7.805461512065262619e-01,-9.319145503067747249e-01,-4.369082586304400273e-01,-2.268511155415360026e-01,-5.523505969888484746e-01,-8.988815961742502303e-01,-9.999953598212739658e-01,-3.509339697965658811e-01,-5.684409167453088330e-01
-9.842649058876660195e-01,1.074696621713124162e-01,-9.765980771995852461e-01,-1.584365299524742032e-01,1.504832939729032204e-01,-1.004507249577148431e-01,2.922486624854357951e-01,-9.490660142668230215e-01,-9.594362258098614316e-01,6.518086597314644015e-01
-9.916805154728246530e-01,-5.964378491122207526e-01,-8.407863363438748960e-01,-3.024102262833647248e-01,-8.891888104977218044e-01,6.315393961243914722e-01,-9.472282868418782087e-01,1.278192307022482932e-01,-9.564029541006918711e-01,-9.835430586306043166e-01
-9.947818092240634513e-01,-9.962396258782505454e-01,-8.936871751210988535e-01,-2.689308393853481749e-01,4.803617045945492436e-01,-2.093651249985387097e-01,-2.053905016576421105e-01,-9.368437499185271466e-01,-6.872213542572092049e-01,-6.724904564050260269e-01
-9.992640938480370494e-01,-3.099958221449704010e-01,-9.497552271482017083e-01,2.719591004776520937e-01,-1.456573528892184111e-01,-8.109382379617103842e-01,-8.975611266270600019e-01,-9.505292400003573228e-01,-2.892397640884091237e-01,-4.599771771017995836e-01
-9.999025246633745923e-01,-5.175212828967000744e-01,2.525121831578137632e-01,-5.630072009038952219e-01,-6.522678190725883507e-01,-6.899320158515060974e-01,6.459417663237855545e-02,-9.844954468538474890e-02,-4.775789737917673916e-01,-9.143984226831514128e-01
-9.987686886671004460e-01,-3.742132900014586983e-01,-4.309286092226384257e-01,-9.450963008988504388e-01,-9.770227545794255564e-01,8.803914190873157741e-01,-8.541518074706123675e-01,-9.972598141030255547e-01,-9.967265808231235980e-01,-3.552204246259665910e-01
-5.928691792243386827e-01,-7.372209584981884722e-01,-2.805355043911447743e-01,-7.017732573845720800e-01,-5.277692397937507884e-01,-9.994522270251995355e-01,-7.772990533249422018e-01,-5.932029002880664370e-01,-9.999833416006174147e-01,-9.759910606086610318e-01
-9.825418139157531261e-01,-6.316204024577509735e-01,-2.613015707323815828e-01,-4.347933548881616761e-01,-1.704469829054651997e-01,8.110686886291033071e-01,-7.054699316351977778e-01,-9.573302346908507676e-01,-9.715837214708603620e-01,9.963941891644094717e-01
-1.000000000000000000e+00,-9.807863364774920267e-01,-9.728062298318753687e-01,-9.761041938938961326e-01,-7.127991312689221926e-02,-9.999998183461421553e-01,-6.970356623661959627e-01,-9.986864080267821020e-01,-9.955624863272378722e-01,-9.999999999999996669e-01
-9.999999999999996669e-01,-3.677804743502146589e-01,-1.075175884171698792e-01,4.292647286663451855e-01,-2.538378043061835787e-01,-9.884440506982032915e-01,-5.640595044878889963e-01,-9.994866575406192721e-01,-4.135579137432447983e-01,-6.819295707718427135e-02
-1.000000000000000000e+00,-3.580369620522390606e-01,-4.395005037931025704e-01,-6.410145324717924087e-01,-8.757092896112252944e-01,-7.626212924417155037e-01,-6.964093759997730393e-01,7.072071120649517928e-01,-1.928966643110524848e-01,-8.530727846400956160e-01
7.531763490696034846e-02,-1.000000000000000000e+00,-8.144410801148742607e-01,-9.999999999999994449e-01,-1.267601500969020856e-01,-9.999912061218223513e-01,-9.999999999999995559e-01,-5.028585030317332949e-01,2.765653693643522204e-01,-9.641520739770548243e-01
-9.992566884209078681e-01,-8.300371819678681318e-01,-8.886040010461924155e-01,-3.751435570571520217e-01,-7.451738077040211961e-01,5.760371443857108531e-01,-8.472425995582503200e-01,6.449519916381850348e-02,-9.821044524925550689e-01,-2.329414135803523911e-01
-5.346498858006799582e-01,-9.666582535985758229e-01,-1.000000000000000000e+00,-9.999947719241214505e-01,-9.606094866928760467e-01,-9.933456903823386641e-01,-4.992525575042613961e-01,-1.000000000000000000e+00,-9.999997202482713288e-01,-3.606923523348122274e-01
-2.291462108879968040e-01,-8.244151666912188370e-01,6.982897808373201842e-01,-5.657069721949548741e-02,-4.050532606586808582e-01,-2.548589845682331378e-01,-9.088082384257757385e-01,-7.629339574228876097e-01,-3.620502300975074472e-02,-9.999999999999991118e-01
-7.583281118479465732e-01,1.383439313967941842e-01,-9.411609253440235134e-01,-9.999999999999974465e-01,-6.325164462922440445e-02,-4.439132706738579959e-01,2.180609613427533233e-01,3.809596513034548271e-01,-7.102057733429207875e-01,4.201769847374938610e-02
-2.612267279546625076e-01,-8.517519676792683070e-01,-2.658729784423752851e-01,-9.967974770007365093e-01,-6.389634888962836268e-01,3.518284802300065683e-01,5.345222082612789416e-01,2.767814095221790560e-02,-2.088470368354626294e-01,-6.714732585315427160e-01
-8.669089320752205730e-01,-9.388322450530066643e-01,7.879828812884825950e-01,6.268682451608019734e-01,-8.177330798115471922e-01,1.431712645572484344e-01,-1.221834212439376066e-01,-6.322166879559139030e-01,-3.975123352122399423e-01,-9.999999999999976685e-01
-7.005113143069340298e-01,-3.780021603390928409e-01,-6.865156671872181260e-01,5.185511196822449875e-01,-3.276824913543502360e-01,-5.192954566264483818e-01,5.144260996368865690e-01,-3.026926311722427654e-01,-5.445005170491281632e-01,-3.670678545692198091e-01
-9.999999999999993339e-01,-4.985073063009204941e-01,-1.339550726561322680e-01,-7.919223954038439039e-01,-9.195388142771294682e-01,6.021675311810188447e-01,7.455883013129428472e-01,-8.363393079220645676e-01,-3.415566937670168057e-01,7.674586898906706756e-01
-9.999999999999935607e-01,4.467896349398651767e-01,-6.888446723809993344e-01,3.869442350222284666e-01,5.503234613913781104e-01,4.374409153425043995e-01,-8.070957311132853640e-01,-1.838101543748556777e-01,1.535193318968166853e-01,-4.277470746053476103e-01
1.668441472084472577e-01,1.264181645869754678e-01,1.434427843346210707e-01,-5.024911966553842202e-01,3.224284591331005867e-03,-9.999999999999971134e-01,3.698408393210070866e-01,-5.801217121843773583e-01,-8.120844202264486666e-01,7.444941500813130331e-01
-2.761019584513257907e-02,-4.001466011980091553e-01,-5.709096107153474042e-01,1.774839678100528784e-01,2.393063930804881501e-01,2.368744394728694302e-01,5.048847772996710725e-01,1.009938938895790644e-01,-9.992578142354253679e-01,-9.999999999999982236e-01
-9.999999999999871214e-01,-8.774319620142498333e-02,8.873552937932690510e-01,-7.426948947634254283e-01,-6.751647552605222202e-01,1.360984923879499098e-02,3.019638267084645555e-01,4.506668080842148871e-01,-7.612195421118022054e-01,-7.042168930153308581e-01
4.479396555806967051e-01,-6.781126905834452545e-01,-9.999999999999981126e-01,-7.295464352982619638e-02,-7.094741133885236195e-01,-9.999999999999988898e-01,-9.999999999999904521e-01,-3.506079753030488244e-01,4.077095855793159140e-01,8.711665669993348127e-01
4.740837952235570363e-01,1.988830879926398731e-01,-3.958966491244985675e-01,-2.969657216104603648e-01,7.834394608239211300e-01,-8.891292765839589052e-01,2.531563215258721411e-01,-9.999999999999988898e-01,-2.343995987080158550e-01,-2.375938831263119111e-01
-5.386749798719406845e-01,-2.778759485939283902e-01,-1.402566499844704051e-01,-3.846121547913713967e-02,1.938632551541044080e-01,-8.891415953508986503e-01,-3.021943074171336008e-01,-4.480847809034947393e-01,3.726962826100110315e-01,-5.921985788140777807e-01
-9.999999999999914513e-01,5.732025805854324974e-01,-1.217691560096763603e-01,6.593568045304103453e-01,-8.454173954176635863e-01,5.963391005939442380e-01,-4.853444055858127104e-01,-8.051106596925541870e-02,6.506841191124281831e-01,-2.902480790494190721e-01
2.541869547826752784e-02,-8.405220832650740492e-01,-1.001158918966307959e-01,-6.377335222212745514e-01,6.290622513188612319e-04,-7.606374342219818230e-01,-1.384660246754103874e-01,-5.550448789789600434e-01,-9.999999999999988898e-01,2.363775088407343294e-01
-9.999999999999801270e-01,2.572966297274056346e-01,5.491087456390187915e-01,-1.758573197520294784e-01,-7.237335888968351449e-01,4.241409774795119603e-01,-7.590093315000411289e-01,-7.427480374940326202e-02,-4.277291649800790685e-01,-8.768602633800703927e-01
-9.999999999999951150e-01,1.678816529599120033e-01,-1.604907143522755764e-01,-6.540951786296578252e-01,-3.083995268904815568e-01,6.654657122697051896e-01,-1.572561403366168897e-01,-4.141051886147449346e-01,6.117193293700775580e-01,7.354091529125775795e-01
-9.999999999999855671e-01,-1.916107050771082010e-01,-9.186252850923657398e-01,6.876433461622759591e-01,-8.420400098340210526e-01,-8.665651571819121823e-01,6.780206022009462041e-02,-9.113213734548689660e-01,-1.231267130888067385e-01,2.972930590243782478e-01
8.746227949234859356e-01,-9.999999999999974465e-01,8.616521486352612946e-02,-6.913641269678046930e-01,-9.725626103742079920e-01,4.817826919373182637e-01,2.808334389760787086e-01,3.571692892241445927e-01,-5.189613074987856622e-01,6.310999147595878211e-01
-7.283231610067790740e-01,-8.151542514928206140e-01,-8.284571040479451476e-01,-2.932657087199010970e-01,-2.941359799758894167e-01,-4.352157409931052268e-01,5.515076464688305480e-01,5.007236706178833652e-01,-7.481801889988352050e-01,5.918081727443823548e-01
-9.999598931932556223e-01,-9.344628534986593182e-01,-5.834199032220769299e-01,-8.237017525171381749e-01,1.562411062476768142e-01,-1.038528227469848741e-01,-3.824973601359770714e-01,-9.872635521641631717e-01,-2.557449649044698514e-01,-4.603011236006173679e-01
9.654767161134749642e-01,-6.685222751630653937e-01,-1.000000000000000000e+00,-9.981360122755393860e-01,-9.999913456594842209e-01,-9.999909285819847948e-01,-8.744713668214894042e-01,-9.999999999999983347e-01,-7.042124251297428028e-01,-8.918120739345255510e-01
-9.999999999999990008e-01,8.635388949627071931e-01,-9.913798653930212534e-01,-7.661081917344194636e-01,-4.324534466062971982e-01,-9.811862711542818083e-01,-9.898833584632236171e-01,-7.027528621314699242e-02,-9.972762981557378170e-01,-9.837178272328962469e-01
-9.989056018241988522e-01,1.023209857479601970e-01,-3.742222060291401364e-01,-9.185519715527947771e-01,9.098131225131305122e-01,-9.658329069069601092e-01,-9.985601799924512800e-01,-9.314132276345694628e-01,-9.356772862222763054e-01,-4.902291869727121720e-01
-9.999892228616997780e-01,-1.051221696270062955e-01,5.031876448309177130e-01,3.867068101236160182e-01,3.108221862611020292e-01,-9.903923780943975075e-01,-2.748955306097282114e-01,8.908531120942415615e-01,-4.655791220483564974e-01,2.942667283555589972e-02
-9.996133592117395494e-01,-9.100426302738836570e-01,-4.240762912581433897e-01,-9.664970187753767483e-01,-9.545160443968432329e-01,-9.979137829044225638e-01,-1.778114113133619223e-01,2.558975792629448187e-01,-9.534930677430777379e-01,-2.410639186883443419e-01
-9.967159704246884022e-01,-2.993517673597303475e-01,-4.534586378552599717e-01,3.962722519615291539e-01,-9.366548862504585626e-01,-3.666424822053272053e-02,-9.225402939594197216e-01,-6.747864526852855871e-01,5.542039385013687314e-01,-8.521653149013990181e-01
-1.467244852602822211e-02,-6.371783085568760718e-01,-1.770503161286951788e-01,-9.942707278347009403e-01,-1.000000000000000000e+00,-9.999337014232960730e-01,-9.844795024622621238e-01,-9.998231297581053889e-01,-9.861417062037779457e-01,-9.912788010685040785e-01
-9.967775857402535467e-01,-9.629979283315768246e-01,-9.659416105923528395e-01,-8.944726560266881288e-01,-2.989449239959470761e-01,-5.792693115766435197e-01,9.762175321935129269e-02,-4.454121215153177271e-01,-5.504525537117869183e-01,1.654732934615935902e-01
-1.000000000000000000e+00,-8.966904859715353338e-01,-8.874365067573549704e-01,-9.999967237945533993e-01,7.552193814193632893e-01,-9.989942434915909386e-01,-9.429652352709668728e-01,-6.661038239471071820e-02,5.508455655295447784e-01,-9.707041839023268226e-01
-6.320793602629894981e-01,-9.999933545050307959e-01,-9.998242285477654256e-01,1.378544901621396590e-01,1.493831602351341492e-01,-9.955599554180050159e-01,-9.996647617791397655e-01,-9.769997150282347942e-01,-7.040273852519289832e-01,-2.894872619121011681e-01
-9.910998718546657482e-01,1.013058665010330567e-01,-9.954672018556069979e-01,6.180881660635579866e-01,-9.298756353104046246e-01,-9.857351111307062208e-01,-9.931605360471920108e-01,4.722343281275944715e-01,-9.948202450053091894e-01,-4.959401892907538412e-01
-9.995550770168054600e-01,5.114723969126863112e-01,-1.814889646874426055e-01,-9.708219348641023982e-01,6.459862814624418581e-01,-8.442003196120412278e-01,-9.842728186716829253e-01,-9.744443865202201405e-01,-7.624863266913996240e-02,-9.924119996918472353e-01
-9.999888451929933586e-01,-9.855995940567174873e-01,-9.999526511521131811e-01,-8.752955293096837952e-01,9.410787355794996145e-01,-9.993998742278786818e-01,7.466677171369884292e-01,-3.277019353225712472e-01,4.984164261150645370e-01,-3.403399966993648773e-01
-9.308885782749745097e-01,-9.999852618352402800e-01,-9.999571363992740825e-01,-9.897576607065651233e-01,7.503739086466916230e-01,-9.999715856858100160e-01,-9.998395776638260291e-01,-9.003139286687190657e-01,3.684312017174838916e-01,6.284033410407852127e-01
-9.979572127765732326e-01,-4.033723577332880630e-03,-2.366567973100142386e-01,6.428072384550060914e-01,-2.509913487423849343e-01,-9.453615470873565352e-01,-4.718518801867539469e-01,-4.245134690971866243e-01,-8.757038274256795374e-01,-9.953017100334939915e-01
-9.959487158197535273e-01,-9.878470434686281720e-01,-8.363522844565117742e-01,6.184617539046834978e-01,1.149478494141344675e-01,-8.875124072276627807e-01,-2.576763107743366699e-01,-3.226296967860533549e-01,-7.808373547596884068e-01,-9.991867764065596180e-01
-1.000000000000000000e+00,-6.764431812099642727e-01,-4.009968956021303654e-01,7.779446895959019059e-01,-7.510950044731894426e-01,-2.201897869778915162e-01,-9.697999030664063991e-01,1.193580584549073717e-02,-9.999582608457844302e-01,-1.497997360598958549e-01
7.168153566710567803e-01,-9.858955201072751029e-01,-1.829777230130515409e-01,-9.999999999999998890e-01,-6.440302323995924505e-01,-5.652824340667813585e-01,-9.715717353522752564e-01,-9.648623392650959030e-01,-6.805725340475877738e-01,-5.862182165308602588e-01
-8.369064153491934110e-01,-9.999413651251013446e-01,-7.099212683998553652e-01,-6.974412507949013795e-01,-9.405691710978650866e-01,-6.645214994316683832e-02,-7.271762754199043721e-01,-9.703546430045555393e-01,7.308979383227703908e-01,-9.844833231541544327e-01
4.205004909443983419e-01,-9.966564099943890920e-01,-6.941800447284508513e-01,-9.994771936466418927e-01,-7.613062491160536016e-01,-8.606800637807071608e-01,-9.999999999999987788e-01,-9.938333448536018633e-01,-7.037275324087286510e-01,-9.888590248517667991e-01
4.933330647330426144e-01,-9.406693935197554257e-01,-9.999999999999992228e-01,-9.953167996188460043e-01,-5.709417043812584636e-01,-9.801047840280802115e-01,-8.479716616160973830e-01,-6.502664829575920402e-01,-9.996270844863548444e-01,-9.995746210025123757e-01
-2.693191822272798519e-01,-9.978371637013050410e-01,-2.372641942408265370e-01,-8.291289565273152196e-01,-9.979301044230478590e-01,-9.989191122198236572e-01,-9.831131310207704699e-01,-8.203746125271308420e-01,-9.850940343916152475e-01,-9.540951215525625972e-01
-9.231478818662416375e-01,-9.562943305938317318e-01,-9.349984896170414617e-01,-8.828694748944041493e-01,-9.812216777825075731e-01,-9.484202564564195859e-01,4.624407000219115660e-01,-9.761698820723976322e-01,-9.757040860476908772e-01,-8.895941883926655747e-01
-9.999999999999998890e-01,-9.368018550683773205e-01,4.393226958225996404e-01,-7.338688554705731226e-01,-7.529527699154688891e-01,-5.819602303635131868e-01,-1.549753421572560852e-01,-3.295351213734628026e-01,-8.847037667552377638e-01,5.780587145403913718e-01
-9.999999999999997780e-01,-6.062588356074757323e-01,6.807883050176223305e-01,4.480258730063642059e-01,6.213362529194398076e-02,-9.889975238496272469e-01,-9.031525194072460572e-01,-1.443977675433637253e-01,-9.924771414310514794e-01,2.017891303236022948e-01
-9.670198252564129460e-01,-9.270000949906728183e-01,-9.695830637256903639e-01,-9.912271476338726517e-01,-9.952449440069811581e-01,-9.310110974852578991e-01,-8.297676796957748069e-01,-1.977834622783665175e-01,-9.602546347949839634e-01,-9.266385367304834642e-01
3.018550550645376224e-02,-9.188515215814229142e-01,-9.281031449890910778e-01,-9.373573951864201392e-01,-5.610093380857843481e-01,-9.797939489088468568e-01,-9.052170801424451740e-01,-9.654299677996445173e-01,-9.997503631249838874e-01,-7.744203816173449439e-01
-9.999999999999998890e-01,-2.203933689775509075e-01,7.629439595705916899e-01,-8.952122899721776106e-01,-4.938664904703824465e-01,-7.781412815299600938e-01,-7.935815499628526837e-01,-8.939002955987845889e-01,3.469312283665189067e-01,-4.489693269862894409e-01
3.971309771643954378e-01,-9.926291127233655143e-01,-9.733123769235422218e-01,-6.661135356064737945e-01,-9.968023925577493838e-01,-9.937681281894275021e-01,-9.975480163881276230e-01,-9.973635118036661140e-01,-1.155487458873265521e-04,-7.837096501969479379e-01
-9.999999999999986677e-01,-7.820921364208457405e-01,6.405141155981745882e-02,-8.050223322582477081e-01,6.871127185595432563e-02,-8.574597418814190464e-01,-1.360557239575407862e-01,2.551070566113634031e-01,-9.559605768026128159e-01,-9.399293319566465188e-01
9.004534430542664447e-01,-9.999999999999974465e-01,-9.989646456247206485e-01,-9.999999999999993339e-01,-9.995835304715329217e-01,-7.120148259080624764e-02,-9.981928960601285095e-01,-9.876781563709110534e-01,-9.144820161778083323e-01,-9.917512778820886110e-01
-1.000000000000000000e+00,-8.344497475896260896e-01,5.038254428679308505e-01,-1.583995095612341086e-01,-4.272756175717783989e-01,-8.406408395959508173e-01,-7.709849339683431113e-01,-1.671965649168654089e-01,-9.517537617672643391e-01,-2.530831202191616280e-01
-9.999999999999997780e-01,-9.579385228679070385e-01,-8.573195100349320086e-01,4.774940440284041743e-01,-5.897160980078137299e-02,-9.927981144424429250e-01,-9.507041531053722627e-01,-9.903403350442986364e-01,-9.842038581697191146e-01,-9.790475828232738653e-01
-9.987833754413452114e-01,-7.429999931149463555e-01,-9.647440722362599086e-01,-9.807401165484223027e-01,-9.799896318559095931e-01,-9.589011936386074852e-01,-9.501648516537136713e-01,-9.502205293281781318e-01,-9.972450158214077875e-01,-4.878139762375768296e-01
-9.824611501841236105e-01,-9.374804488518151402e-01,-5.118768160933302447e-01,-9.106672978373409055e-01,4.686793820925338472e-01,4.949421943037056182e-01,-9.732891177623212986e-01,-9.813305326635501924e-01,-7.858379565248548859e-01,-9.901696939223586513e-01
-9.999999999999987788e-01,-5.145365491451858730e-01,-9.184954751887165481e-01,-1.271217046166483733e-01,-9.163185132949434042e-01,-1.911061362526510765e-01,-8.002966137903631816e-02,-4.158699026194275783e-01,-9.993898562823997356e-01,-8.515084347920878205e-01
1.215076658753707906e-01,-9.617101736538284928e-01,-8.747813024308838115e-01,-4.922597834333201083e-01,-9.534604530084570539e-01,-9.000470982011435916e-01,-9.281101552490771400e-01,-6.560414967628602767e-01,-8.853253853334605017e-01,-9.616457664139970163e-01
-4.992754002059353047e-01,-8.370813537243477764e-01,-9.608592070488006787e-01,-7.967475823010039537e-01,-9.880404882539914890e-01,-4.974810224541869053e-01,-9.175895396141116045e-01,-1.083116988419187410e-01,-9.838152444694234777e-01,-9.999999999999977796e-01
-9.933863725558992330e-01,-5.203300718893311139e-01,-8.462731517498504052e-01,-9.078273186514850268e-01,-8.025474075629798199e-01,-8.541269724562176036e-01,-7.840087577862953072e-01,-6.908953540972058438e-02,-9.836396079966133188e-01,-2.260984056512243823e-01
-9.943810902013572317e-01,-8.387191187985182372e-01,-9.256229242231599486e-01,-9.294101757066758340e-01,-3.417595563308464257e-01,-9.784128899616688635e-01,-9.751497129561957911e-01,3.287021469353447467e-02,-3.368156750587860127e-01,-2.146971122525760112e-01
-9.981270556370330782e-01,-9.635464192285857488e-01,8.371561069655631959e-01,-3.164000639220868050e-01,-8.390148639772293526e-01,-9.425817768197718161e-02,-8.544623873063340869e-02,-9.470514934188024592e-01,-9.819984946374424872e-01,-9.608069617286878472e-01
-8.638997687871510234e-01,-6.849996423174615767e-01,-9.844906802025238379e-01,-9.999999999999997780e-01,-9.926140215226274544e-01,-8.370853241573198433e-01,-3.435763026917363905e-01,1.560389813585589813e-01,-9.931015177439028729e-01,2.134203751277772843e-01
-9.893432609192140958e-01,-7.595739005391157761e-01,-9.252599590843822996e-01,-9.052957101829366415e-01,4.574752568648829953e-01,-2.618888525442213955e-01,-8.129750684570431762e-02,-9.872661463340031140e-01,-5.403636764832542294e-01,-8.591444809991736209e-01
-9.961030679914295582e-01,-4.573962825935222742e-01,-2.385266233945735892e-01,-9.999999999999990008e-01,-6.523178999909079456e-01,-5.700803678305234323e-02,6.972671489708714976e-01,-9.467075849962057754e-01,-6.184568790361972823e-01,5.908355355155243682e-01
-9.999999999999988898e-01,-9.626762960684970283e-01,-8.218886072600640746e-01,-4.704493290298794039e-01,-8.807423981228164056e-01,-8.049713159980337318e-01,-4.979712668650656537e-01,-5.931065536574802177e-01,6.445076126043710607e-01,-5.094149868435924322e-01
-9.996355775171724689e-01,-4.362462620875637298e-01,-2.599519250031190887e-01,4.782363847215977959e-01,-8.465365881336246456e-01,-8.612099215880337777e-01,-4.188415715245609183e-01,-2.905853993039458905e-01,-9.179913061603660607e-01,-8.145539109616195539e-01
-9.991151599621707069e-01,-1.620262351867244599e-01,1.859192314098766230e-02,-1.601689774258537591e-01,-2.940928739795289903e-01,-8.685202259235360600e-01,-9.777273458746388313e-01,3.261899065997284075e-01,-8.478668320807025705e-01,-4.160681621342457795e-03
-9.994958162327972628e-01,-8.977863650371796789e-01,-8.869909365951413882e-01,-9.690639691361554453e-01,5.601830813705908907e-02,-9.893757799744508086e-01,-9.577911722266285732e-01,9.814682955823044175e-01,-9.254012025003698350e-01,-5.339557469988236438e-01
-9.948674764577627450e-01,-9.345708393086985533e-01,-5.711398445303864646e-01,-9.939293891397474878e-01,-9.994106543911932539e-01,-1.876099291083130061e-01,3.746141543263317164e-01,-9.652172005956453082e-01,-5.051903323863283779e-01,-9.911033066495497090e-01
7.726912916704608003e-01,-1.000000000000000000e+00,-9.136703365401276367e-01,-3.692372725434489578e-01,-1.000000000000000000e+00,-8.924713927817300441e-01,5.303629209022279190e-01,-9.996538586779264435e-01,-7.435739635021881844e-01,-9.950414414763224524e-01
-9.992250407907885545e-01,-4.473642200737666386e-01,5.554054001334676194e-01,-6.079124904736905588e-01,-8.972910191665524060e-01,-3.563864857151922694e-01,-3.849568452485334635e-01,-9.558325574284030068e-01,-6.076108411497317396e-01,3.612697197800893711e-01
-1.000000000000000000e+00,-9.367481772363607240e-01,-4.129703939497204046e-01,8.962667580542452717e-01,-5.782155423377010051e-01,-5.175208155865156368e-01,-8.982808985221464315e-01,1.001790121425167879e-01,-7.600241499200259820e-01,-9.190324383822555676e-01
-9.963349966090173648e-01,-8.035173763393226309e-01,8.785583641039994562e-01,3.337484917511172877e-02,-4.304645144032144821e-01,-9.712676010059232423e-01,-9.977880114496552322e-01,-9.095942938937426891e-01,-2.733603941338060839e-01,5.035753443038374355e-01
4.619955257463417841e-01,2.468785446466889300e-01,-9.970851430747583732e-01,-1.000000000000000000e+00,-1.000000000000000000e+00,-9.973458336282874370e-01,-1.000000000000000000e+00,-9.250947083757276035e-01,-9.274172665901880830e-02,-8.298452374916528429e-01
-1.000000000000000000e+00,3.498399914239382347e-01,-9.442418450572968025e-01,-7.511454686257110769e-01,-9.867422232378252334e-01,1.076100000357916309e-01,-6.181511851194088081e-01,-5.537369247457193389e-01,-8.563822473818990533e-01,9.949706561034036278e-01
6.787185261098916955e-01,-8.113061631865375878e-01,-9.024194011986307329e-01,-9.990907532759560894e-01,-9.304575793686105101e-01,-2.801992695831313496e-01,-9.762177235204710923e-01,-1.000000000000000000e+00,-6.618574246977650954e-01,-9.999999999999994449e-01
-9.999993074357282907e-01,-5.986981757157786577e-01,-9.589409694081325597e-01,-2.944232164611205183e-01,-5.382522890872912802e-01,-5.467241773237550007e-01,-8.570995197467717874e-01,-2.268487442776172536e-01,-1.071645322567247732e-01,-5.774539925088407744e-01
-1.000000000000000000e+00,-3.400636224483596370e-01,-3.563534662399312491e-01,9.096949401938020374e-01,-4.929574054145599571e-01,-9.990191273871739108e-01,-5.958010389587464761e-01,-6.401495933718341913e-01,-7.792118377936533280e-01,-4.889247455223348915e-01
-9.992651943166817041e-01,-1.626198126917981213e-01,-3.473688292067565464e-01,-3.525327254610902683e-01,-5.864114547866470240e-01,-9.107909068011578180e-01,-6.231348431965518797e-01,-9.993573919082360257e-01,-9.873033742671114554e-01,-7.374366185625914616e-01
3.916882720479964997e-01,-9.658483970139403185e-01,-1.000000000000000000e+00,-6.052982424251311944e-01,-9.986824337580550992e-01,-9.977325772250086322e-01,-9.276594741086677809e-01,-9.891617098500060656e-01,-9.078094636152240771e-01,-9.881854807621323067e-01
-9.999862339633142083e-01,-7.049788820283301449e-01,-9.212318663201425339e-01,-3.095052072082595251e-01,-8.991286995696015083e-01,-7.734328204065724077e-02,5.225633350892976495e-04,-4.910469482779395434e-01,-9.819580661497567808e-01,5.962753287051570927e-01
-9.864426802260833904e-01,-8.072044667953458541e-01,-7.910315105676586633e-02,-9.975548539778087420e-01,-9.988576033468804516e-01,-8.004372524630714025e-01,-1.677606475850527135e-01,-6.113170269297498738e-01,-9.950375917789042735e-01,1.500074986756088913e-01
-9.986677000442297780e-01,-4.965870403528938049e-01,-9.584078914251723536e-01,-5.391432173966329566e-01,4.043362392424552088e-01,3.723589571637257456e-01,-3.792058369018184993e-02,-9.365837510136679755e-01,-9.987780323372934532e-01,-8.434623742168939620e-01
-9.935897109570123176e-01,4.009826021754314684e-01,-9.904824061231006782e-01,-4.624848419229956042e-01,-9.753421345147670340e-01,3.399992301069371115e-01,-9.948283246922092760e-01,-9.573791267140505656e-01,-7.821193420241528971e-01,9.243191054549163566e-01
-1.000000000000000000e+00,-9.994353754679019541e-01,-4.623219823643497928e-01,-9.746165733445866231e-01,-9.920280454724292873e-01,-7.692169566041030526e-01,-5.114839484182787110e-01,-9.980306479140174103e-01,-8.042250789199921757e-01,-9.155257288917263425e-01
-9.999999567094735031e-01,-3.700191387073042404e-01,7.002370746747722530e-01,-7.821103426441854412e-01,-9.836513756632608851e-01,-1.000000000000000000e+00,-9.852678564935035688e-01,-9.999998780567401768e-01,-9.137700202120221382e-01,-8.648110953144928503e-01
-9.723623090810005198e-01,-9.590605067207846890e-01,4.913181281771130116e-01,-9.617724846429066554e-01,-9.565852192641832730e-01,-9.975590496117332506e-01,-7.384563238468061508e-01,-9.978534622743789884e-01,-7.597415680541254046e-01,-2.482746373890066249e-01
-9.999939028146178632e-01,-9.775347673542419402e-01,-9.875957582406580393e-01,-8.499577850902407805e-01,-3.710011556243181796e-01,-9.999872208183281375e-01,1.462832742139994757e-01,2.377405388819852586e-03,-2.252537042587612615e-01,-5.288216498008460054e-01
-9.991425035438882274e-01,-3.041345049042405435e-01,-5.985467119437660743e-01,6.243004756101278030e-01,-9.800597123999950089e-01,-6.660544867726165830e-01,-6.140914274969212494e-01,-6.134285854390959525e-01,-3.929159282339479420e-01,-9.400907172362080733e-01
6.315332302328185987e-01,-1.000000000000000000e+00,-2.320322189995043527e-01,-1.000000000000000000e+00,-9.999999689804229819e-01,-9.631900100803602038e-01,-9.999999195569094779e-01,-1.000000000000000000e+00,-1.000000000000000000e+00,-9.999998429242089593e-01
-9.999999671772198395e-01,2.066333533367705200e-01,-9.812150680428405325e-01,-9.498675005358766521e-01,-2.429264426796235443e-01,-1.000000000000000000e+00,-9.423043314531411863e-01,-9.992543269040767839e-01,-9.403034989185150572e-01,-1.000000000000000000e+00
-5.677672653499359345e-01,-4.708011633042206712e-01,-9.986213954440110729e-01,-9.891852249575329159e-01,-1.000000000000000000e+00,-9.592739364742693953e-01,-9.808929995345981867e-01,-9.849435170294046360e-01,-9.703340189384030978e-01,-9.984455892143069278e-01
5.203363773129611181e-01,-9.788056976258791009e-01,-8.113228576997841834e-01,-7.711022861238541193e-01,-9.968964133842938002e-01,-9.999999839943006785e-01,-9.982781606262969287e-01,-8.906219639403949451e-01,-9.946701161451684259e-01,-9.979684809446468519e-01
-9.914635574417274277e-01,-9.917108196760696659e-01,3.221028701442960607e-01,-9.242118129586309738e-01,-8.741830207855134649e-01,-9.817021845206691522e-01,-9.937797813568298722e-01,-3.345837053909843095e-01,4.722793353938767313e-01,-9.112249873488381668e-01
-9.848750481770037757e-01,-4.984636513036709293e-01,4.747416646999430001e-01,-5.997175096546804030e-01,-8.409006211237161077e-01,-8.604176035033619385e-01,-1.753206685931843201e-01,-4.456277265902407470e-01,-9.599607908665865885e-01,-9.746173449842993053e-01
-4.584268618520329630e-01,-9.928221720006562556e-01,-9.984651973313964923e-01,-9.622027314476702120e-01,-1.000000000000000000e+00,-9.977535068081679892e-01,-6.946397477281225363e-01,-9.652157051484903105e-01,-8.915688867910320781e-01,-9.952734946277793648e-01
-9.999563200100402005e-01,-9.916755501057380462e-01,-4.676866042505348764e-01,-9.437456537834988390e-01,-9.846028013381337152e-01,6.462481151307699623e-01,-2.204372800175494196e-01,-9.151541656340183017e-01,-9.812998979990733561e-01,-5.864227174387506847e-02
8.540528159285062371e-01,-9.999999599750343249e-01,-1.000000000000000000e+00,-9.999999290068921631e-01,-9.999999328671638210e-01,-9.999999242355578355e-01,-9.999999731224387123e-01,-9.999999999999998890e-01,-9.999998928947516630e-01,-9.999999417637477350e-01
8.795044568021209708e-01,-9.958687582680685324e-01,-9.946145412424194365e-01,-9.979599361667060853e-01,-9.852697019459182304e-01,-9.502578989462745485e-01,-9.951442276226084571e-01,-3.980951663395745910e-01,-9.935029411079568940e-01,-9.577671212656306832e-01
-9.999660084453186881e-01,-8.555941071434267631e-01,-9.202376938920778793e-01,-8.622094518256306905e-01,6.896823084892146627e-02,7.433930649997833040e-01,-4.347373114542369965e-01,-4.393671973536963926e-01,-8.303756972089414434e-01,5.565159798586549744e-01
-9.999999999999987788e-01,5.233994725853893248e-01,1.398672409153565999e-01,8.368304607158746355e-01,-9.717421516280939642e-01,-1.311283081838079401e-01,2.594126422290801148e-01,-9.720868469576703363e-01,-8.948042988865211322e-01,-4.145342914952295788e-01
5.145777840031314776e-01,-1.000000000000000000e+00,-9.999999999999990008e-01,-9.999999999999991118e-01,-1.000000000000000000e+00,-5.346134842433621914e-01,-6.595942885352173990e-01,-9.999999999999980016e-01,-9.999999999999981126e-01,-9.999999999999994449e-01
-9.898360886663253311e-01,-8.989672701897232221e-01,-4.381563237695544344e-01,-1.342065651102187507e-01,-8.519234475864732037e-01,-9.467094838203846674e-01,-6.345703559619632061e-01,-6.260139240808426653e-01,-6.515037625175359448e-01,8.729466667169806238e-01
-9.971366865573528804e-01,-2.652552301597338458e-01,-8.908739806611845613e-02,-2.425732612896434603e-01,-8.706907103650186885e-02,-9.868059906052599750e-01,-9.818369803025694953e-01,-7.364954024147564171e-01,1.154125339494645464e-01,-9.705169899351794305e-01
-9.999999999999966693e-01,-4.081819953888740082e-01,-9.039906717741978959e-01,-6.979641166716814560e-01,-5.661410924121536015e-01,3.620811330762120361e-01,-7.664436194943394787e-01,5.399046040611864550e-01,-9.206627354070373581e-01,-9.688452585774244286e-01
-1.000000000000000000e+00,-9.438497570405021131e-01,-1.324151491000918890e-02,2.213968329208321206e-01,-9.999999999999983347e-01,3.382212648032098534e-01,-4.630850222748889022e-01,2.748392634655233979e-01,-4.963519981175740781e-01,-9.998339135564779934e-01
4.730623030465547219e-01,-1.000000000000000000e+00,-8.226047037153051411e-01,-5.019527918877803030e-01,-1.000000000000000000e+00,-1.000000000000000000e+00,-4.803322653446510104e-01,-1.000000000000000000e+00,-9.998778651703333908e-01,-4.043516167042971454e-01
-2.339024121265682876e-02,-9.856916002799236409e-01,-9.932458816792464340e-01,-9.727223294640436890e-01,-9.337643039401151146e-01,-9.650601029448525603e-01,-9.926296325558742195e-01,-9.060352629818431147e-01,-9.806578713378106826e-01,-3.794075720838436805e-01
-9.999999999999997780e-01,2.872463220652038407e-01,8.172068963160959987e-01,1.685274295444545989e-01,-6.457803202506120499e-01,-8.304793803288854637e-01,3.142527193560825105e-01,-9.241798194555431722e-01,-3.016515363156513363e-01,-9.998752786711535556e-01
7.854137080512249014e-01,-9.999999999999977796e-01,-6.576135749325476842e-01,-7.089124449716371901e-01,-8.224861910512033525e-01,-9.999999999999996669e-01,-1.000000000000000000e+00,-1.000000000000000000e+00,-9.999999999999972244e-01,-9.999468339189360178e-01
-9.993477531142833659e-01,-7.609672025633915649e-01,-7.580069596393548825e-02,-9.722722250175660497e-01,-8.766230384199575898e-01,-1.982789427456495279e-01,-9.242311216452115952e-01,-8.450229725864837338e-01,-7.014961755733227500e-02,-9.255369203868505368e-01
-9.910273673699951935e-01,1.133650395856709014e-01,-7.410735224689877221e-01,1.531142218621109607e-01,-5.217353846801267014e-01,-7.564675978588218941e-01,-7.614646812903542727e-01,-6.536142401505702360e-01,-9.860218304403688405e-01,-9.970439164076551064e-01
-3.349835326079647069e-01,-9.134621082126775926e-01,-9.999999999999984457e-01,-2.803966770984124279e-01,1.263189758804336982e-01,-3.745204755278094821e-01,-1.000000000000000000e+00,-9.999999999999995559e-01,-1.000000000000000000e+00,-9.999999999999990008e-01
-9.998755677017348020e-01,-9.244438347102365006e-01,-5.521450905472369275e-01,-5.262371880461037543e-01,-9.971849600627724630e-01,-3.061070057123063681e-01,-9.749384122700263111e-01,-9.421794164197735411e-01,-6.657297040239272823e-01,-9.016852825088159662e-01
4.674052910273909234e-01,-7.917155786931395767e-01,-1.000000000000000000e+00,-9.999999999999966693e-01,-7.370624523189984734e-01,-7.526423670223032492e-01,-9.998346696351048113e-01,-4.382805422086840097e-01,-1.000000000000000000e+00,-1.000000000000000000e+00
-1.000000000000000000e+00,-6.406483976775351197e-01,-1.329435339919448344e-01,-4.380601265130101840e-01,-1.000000000000000000e+00,-1.000000000000000000e+00,-7.334676790122195422e-01,-7.016492804430304320e-01,-4.791589044691652588e-01,-8.616631307934456974e-01
-1.000000000000000000e+00,-6.440906371650501061e-01,-7.147222133257625787e-01,8.876404274126238336e-01,-9.351455357525051415e-01,-9.992692541661760686e-01,-7.744557314914406465e-01,-8.849566462520855881e-01,-9.306203928045356788e-01,-8.627612598198410865e-01
3.785363095685646551e-01,-6.896871727042175326e-01,-2.165920559652806943e-01,-9.997870130422866763e-01,-1.000000000000000000e+00,-9.999999999999987788e-01,-9.128924399820520508e-01,-9.996610087618832408e-01,-9.999999999999981126e-01,-9.999999999999993339e-01
-9.999999999999998890e-01,1.427920424197378912e-01,-2.925627073119367941e-02,-8.140596054592894593e-01,-2.635613093274351976e-02,-9.974826841677865152e-01,-7.373172306830317879e-01,-4.774223116280716939e-01,6.993159823020633770e-01,-5.271146483059885313e-01
9.015666365438390617e-01,-1.000000000000000000e+00,-9.958746568820698863e-01,-9.999999999999991118e-01,-8.015738289674569916e-01,-9.903490688559675181e-01,-4.417754999311742647e-01,-9.994655909798247917e-01,-6.863952209694789142e-01,-9.937206689304168838e-01
-9.955849307682084204e-01,-8.656176821180819880e-01,-1.000000000000000000e+00,-5.191249290375993253e-01,-8.724119337115793238e-01,4.655574936412911757e-01,-4.047715245793160888e-01,1.947108063930027833e-01,-9.312345894315761097e-01,-4.602137120298424589e-01
-1.000000000000000000e+00,-8.419084940659783411e-01,4.848314991851351285e-01,-8.175564931954137915e-02,-8.572356125060740517e-01,-9.639596826842707911e-01,-1.329287449709831148e-01,-9.266002948464376887e-01,-7.371257133421273977e-01,7.768294707421932177e-01
-9.988849416988374585e-01,-9.828592990045498246e-01,-6.482879721011349794e-01,-9.732645490195100946e-01,-9.980398441522259079e-01,-1.000000000000000000e+00,-9.577613001556949390e-01,6.120831548449822135e-01,-9.831977980844952558e-01,-9.994535543839221381e-01
-9.985642171545193735e-01,6.931431231329513443e-01,4.859093432233262400e-01,-9.843655567190251476e-01,-9.431182803260950154e-01,-9.906975033445531986e-01,-9.990851244413132548e-01,-7.694336441467606313e-01,6.650716440041521960e-01,-9.774096310696112067e-01
-8.256002065469707496e-01,-8.328507183941007419e-01,-2.478562819991126931e-01,-9.993957368596663171e-01,-9.470366748659660994e-01,-9.930696766615807469e-01,-8.032031000802046794e-01,-9.865193075081655216e-01,-9.977005229119406682e-01,-9.742406334487965225e-01
-9.964546316809727022e-01,-7.000915639300921145e-02,-7.435408559253847693e-01,-9.915870695310798899e-01,1.051832103316628353e-01,2.930933449133872881e-01,-3.035706675795556975e-01,-9.945474110425041037e-01,-9.916160525153163707e-01,-9.533981552099760615e-01
-9.875007462739833208e-01,-8.558207610460826231e-01,-2.574842329853334055e-01,-9.914102468605843210e-01,6.276291038636997444e-01,-8.859230796618787762e-01,-1.079890761916656033e-01,-9.970530634449681351e-01,-9.237544748621331347e-01,-9.821945801843444679e-01
-1.000000000000000000e+00,-1.610134354894513786e-01,-7.867531552280424556e-01,-8.332169248063816536e-01,-9.888916372158258472e-01,1.753435871953732128e-01,-9.878676995658468574e-01,-5.168226152745685198e-01,-3.299303303203028337e-01,-6.228929895386885879e-02
-9.929915147281731524e-01,-7.491322729354207288e-01,1.572143749378260014e-01,-7.841401505038577691e-01,2.445521411531694778e-01,-9.623059833044638189e-01,-8.568962617394477732e-01,-9.251171768434546250e-01,-8.458487231392161076e-01,2.138629014711819765e-01
-5.219423220589982648e-01,-9.990159348410942997e-01,-9.642152070825732446e-01,-9.999999999999993339e-01,-9.508299381693550156e-01,-7.128446188451653676e-01,-3.496272946794143910e-01,-9.622419669307429313e-01,-9.906641543206208267e-01,-9.899499092113348553e-01
-1.000000000000000000e+00,-9.949107022523857591e-01,-1.603837641443427442e-01,-9.937446784480553630e-01,9.549422555801436729e-01,-1.483051552854380839e-01,-9.572895965349423886e-01,-4.375751250467422304e-01,-8.148489484327811061e-01,-5.124618794563419455e-02
-9.999999999999991118e-01,-3.833991493922865312e-01,1.235891311003820131e-01,-9.765030168761623663e-01,-9.799972992250941539e-01,-5.725707972599575202e-01,-9.576639429869997500e-01,-7.430272580924113246e-01,-7.584598700737340549e-01,2.221046524034585856e-01
9.690327038015944527e-01,-9.910836441432195887e-01,-9.726372444654061145e-01,-9.988140413122893468e-01,-1.007483494020101761e-01,-6.637289035869812226e-01,-9.998037285259574469e-01,-7.860518323818671549e-01,-9.998128395869986251e-01,-9.999097276099059295e-01
-9.942324651216715159e-01,-2.215802764550602877e-01,-2.070792843571319097e-01,-9.802274592946692566e-01,-9.668041943848807440e-01,-9.922884790443631253e-01,-9.725812215574040076e-01,-3.451313828282556173e-01,-3.457144548819295893e-01,7.178712489775053163e-01
-9.999999999999991118e-01,-3.350157971928328093e-01,-7.682929434066592123e-01,-2.575967263000476098e-02,-9.981534139591344834e-01,-2.273549444492715399e-01,2.660411374310677757e-01,-7.906747681029812069e-01,-4.639961279130546679e-01,-9.786647800281731424e-01
-9.999999999999994449e-01,9.130404543803208872e-01,-9.820692514367295178e-01,7.172651994330310476e-02,2.817784385484728427e-01,-3.479567754087015685e-01,-9.999999999999996669e-01,7.664719268445865374e-01,-9.999999999999995559e-01,-8.167672793275492227e-01
-1.169917752136495764e-01,-7.633595314369369389e-02,-9.955892752466007911e-01,-1.304737354494029944e-01,-9.992998509878221469e-01,-9.605729638617372945e-01,-6.090799656755908620e-01,-9.925504621147488438e-01,-9.932194546224663023e-01,-5.271759093273445940e-01
-9.999999999999996669e-01,-9.808096951958722443e-01,4.191822761388415697e-01,-1.069241236920003175e-02,-1.000000000000000000e+00,8.687399113020899399e-01,4.384803961496940294e-01,5.885613066004332650e-01,1.277759471664627056e-01,-4.387773638677017751e-01
-9.999086037924082015e-01,-4.412452533999239312e-01,4.444979791077043052e-02,5.917769417703596657e-01,2.699387928617940635e-01,4.427012242103215978e-01,-6.431940677527971939e-01,8.016231255974031189e-01,-1.176399818616335156e-02,-3.805537726071144822e-01
-9.998441295550766217e-01,-4.840872217651108755e-01,-9.943502682301905704e-01,-6.828554733012913713e-01,-3.992846581695095876e-01,-9.176601623880200620e-01,-9.999815334419787094e-01,-3.289191133933460076e-01,-9.864931568976417209e-01,3.115857682503719306e-01
3.350935676906226512e-01,-9.999943749590932685e-01,-7.100888285000372946e-01,-9.423350691321389361e-01,-9.999976717974464746e-01,-3.712129803455830324e-01,-9.999896448213630995e-01,-9.999976869998086215e-01,-1.000000000000000000e+00,-1.759523458601114712e-02
-9.999469531183929893e-01,-7.413006144880243120e-01,-9.329186993987090837e-01,-9.244886096134542486e-01,-3.145082517414679035e-01,-8.735906583395729452e-01,2.590067400961968413e-01,-3.055315658686292291e-01,-4.836389516060000116e-01,5.467395683974436427e-01
-9.990347140200496190e-01,-9.959499532038342817e-01,-1.593727949124290888e-01,4.599779174450897012e-01,-7.565909916860651396e-01,3.910000574039114163e-01,-9.959107030344546141e-01,-9.463692012308214663e-01,-7.657025733628944897e-01,-5.345251952721606914e-01
-7.055018882223337284e-01,-9.999571902051460626e-01,-9.957720632892007595e-01,-3.896887733230531281e-01,-8.551054689108936735e-01,-9.496395993490872600e-01,-9.062278483278285446e-01,-8.964126944065904379e-01,-9.999978153580737494e-01,-6.094464239720780441e-01
-1.000000000000000000e+00,-6.530848116331645636e-01,4.537308980854248275e-01,-4.671785864433251056e-01,4.373659391449790657e-01,4.448827558135153848e-01,3.000586520840911042e-01,-9.889161769038898875e-01,2.757406177996585828e-01,-3.718096228284390459e-01
7.113767530295549424e-01,-9.999999999999953371e-01,-1.532300445041922254e-01,-1.000000000000000000e+00,-9.999893939398092346e-01,-9.891821160857985351e-01,-9.261820815796794060e-01,-9.999869642698030470e-01,-9.338431852636479569e-01,-9.999938411469895261e-01
8.571861245426330989e-01,-8.706664859357002850e-01,-9.581108320173057358e-01,-9.999913793790712324e-01,-9.999959704089517176e-01,-9.999842228742831240e-01,-2.056168749017990016e-01,-9.541952519497894913e-01,-8.989899193612302941e-01,-9.954738682843053965e-01
7.328969034018767426e-01,-9.198914454617450609e-01,-7.797836253710680454e-01,-9.999962338266225048e-01,-9.178401261037281156e-01,-8.474697222979842293e-01,-9.999999999999972244e-01,-9.768143558119261050e-01,-9.999996225133911398e-01,-9.780881806465282491e-01
-9.947630216796035096e-01,6.292065559709443257e-01,-9.060424835480164196e-01,-9.598598016231252306e-01,-9.913895138537900387e-01,-9.879167187504273029e-01,3.848761538890030920e-01,-9.292181607051297476e-01,4.369622824706165809e-01,-9.154593863064605097e-01
-9.953666252794399760e-01,-7.318218354559654637e-01,7.740492790260072864e-01,-8.411286875481500669e-01,-9.450174286354611208e-01,1.060765880303925213e-01,-6.383240878805634955e-01,-8.905707699602152250e-01,-5.108120799365156728e-01,8.613149658378322915e-01
1.751398311421502874e-01,-8.512658496026206389e-01,-9.856482462706469549e-01,-9.316518779082104684e-01,-9.447121240922126129e-01,-9.838790468248628240e-01,-8.741088732003690076e-01,-7.585746202909566804e-01,-9.989690035523145495e-01,-9.802803948115309529e-01
-1.000000000000000000e+00,-4.535955062299661389e-01,-4.119239380496411695e-01,-2.584911621764925393e-01,-5.978232901765113683e-01,-9.698783314221303131e-01,1.048476703296080947e-01,7.655753608479463068e-01,-1.000000000000000000e+00,-9.999992700306088445e-01
-9.999999999999995559e-01,2.242005089381476080e-01,-6.325879732942685241e-01,4.282531001607975951e-01,-3.340567981639759876e-01,-7.761247711842175767e-02,2.534244110229568192e-01,-2.673108413990086807e-01,-9.999614379016074084e-01,-2.261332999000254806e-01
-1.000000000000000000e+00,-7.926981850461848333e-01,5.846824346729883048e-01,-9.796986431299897768e-01,-9.734089054785963757e-01,-8.445301047720723542e-01,6.783800497902812143e-01,-7.061159464321442591e-01,-8.982600218050263985e-01,-9.760788255132407665e-01
-9.988067829565645539e-01,-9.743027906897971935e-01,-9.117163841094859666e-01,-9.979370738144239805e-01,-7.852747011077330086e-01,-4.017780829411397581e-01,-3.719235771519168732e-01,2.612568058361648959e-01,9.799985290739976485e-02,-8.184913920431529100e-01
-1.733902171074071519e-01,-9.999999999999971134e-01,-9.998294976231070219e-01,-9.359874645522335834e-01,-9.999679236303037344e-01,-4.506084925191639057e-02,-9.999908243663886420e-01,-4.064058122716591726e-01,-9.999840056268157751e-01,-9.841487726082316367e-01
-9.999981831637738683e-01,-7.270260059088928806e-01,-9.999670144485568457e-01,-1.659742358759967173e-01,-7.655906014330360332e-01,-6.660571488402503570e-01,-3.728791671778375338e-01,8.048896597041037548e-01,-5.634272445029461229e-01,-5.737154492827220009e-01
-9.999992332383653704e-01,-6.629833082181254555e-01,-3.758667104818544935e-01,-1.685310327761658233e-01,-8.648182823217047677e-01,1.229300127465690201e-01,4.112584858492902562e-01,-5.932061228293795674e-01,-8.768876519086946653e-01,-9.707075100194623163e-01
-9.988265410915491138e-01,-7.582008981072549947e-01,4.201198446223105010e-01,4.657568997089471252e-01,-9.708622442706910105e-01,-5.614392543378391442e-01,-9.377244173005624406e-01,1.816635847364538592e-01,-8.376203237538218938e-01,-5.022905543629989644e-01
-9.999998575299617887e-01,-9.999998971984170870e-01,-2.808154742222820355e-01,-3.277880029712369470e-01,-3.752847747093028263e-01,-9.999999999999998890e-01,3.253722490964640335e-02,-8.163313022220872739e-01,3.694064284552748822e-01,-9.999795279621603861e-01
-9.971888143188731846e-01,-6.901595772394806261e-01,4.557671668757291156e-02,9.453202977328758680e-03,-9.429841976206965182e-01,-7.736450661077932667e-01,6.691496272331808326e-01,-4.780021549380320534e-01,-7.979879673718325295e-01,-9.416635321748233478e-01
-1.000000000000000000e+00,-1.913063837196635197e-01,-5.815348335370726929e-01,2.897699280865385640e-01,-1.394504922174907013e-01,4.951994382196727718e-01,3.342778964213530268e-01,-9.998139289860865642e-01,7.531374985775556308e-01,-6.252857952082946369e-01
-9.999998975569960313e-01,6.614555479563392071e-01,1.017548136831969430e-03,6.077499327102172666e-01,6.946673859352693325e-01,-9.999999616378465461e-01,5.871551275379395252e-01,-6.338925786903808479e-01,-9.820897456747169629e-01,4.359778252145296018e-01
-7.764014624728162728e-01,-9.193348453189065239e-01,-2.968408964708673659e-01,-8.977599749273122987e-01,3.598553693512741014e-01,-8.996523294543610216e-01,-1.000000000000000000e+00,-7.296480031808231237e-01,-1.000000000000000000e+00,-9.999999543717209560e-01
-9.977570323401486752e-01,-6.240652435117745034e-01,-9.599712605991307379e-01,-9.184090961111294193e-01,-9.350942471437938552e-01,-9.186151634610386640e-01,7.173535324697322135e-01,-3.284918568410463147e-01,-9.576896684695281881e-01,4.039861127706527721e-01
-1.000000000000000000e+00,-3.464571024057206405e-01,9.478730044499975582e-01,-1.722846344580915012e-01,-4.364152718675149978e-01,-1.000000000000000000e+00,-9.419566235586548930e-02,-4.689221283231189696e-01,-9.999999999999998890e-01,4.379262920105684298e-01
-9.999999999999997780e-01,4.253594465759115706e-01,4.414785073296752932e-02,7.846760567386688034e-01,6.885612690299086625e-01,-9.999999572202374898e-01,6.363937336789651789e-02,1.237644777609270552e-01,-9.998324673501226556e-01,4.901086151585487549e-01
3.694802443813957615e-01,-6.337904896991097825e-01,-2.367081071313486829e-01,-9.999999725297005204e-01,-7.435038184102287229e-01,-9.999999999999997780e-01,-9.999999999999998890e-01,-9.999999879119926272e-01,-9.999999847421102706e-01,-5.049347115835214339e-01
-9.997937755334458387e-01,-2.361349524801976962e-01,-9.918991887968400256e-01,-6.532284034860879052e-01,-2.642880998603008846e-01,-5.329296829425139714e-01,-9.869599722922015594e-01,-1.835489416703763310e-01,-5.020386331670770863e-01,-8.791511241830691770e-01
-1.000000000000000000e+00,-9.999999634101366386e-01,8.990827082049566640e-03,-6.219764731571026939e-01,-1.000000000000000000e+00,6.120661769739492719e-01,7.357944946020025245e-01,4.666363508800738802e-01,-9.999999999999998890e-01,-4.948583624655975566e-01
-9.999999343903590576e-01,6.436930515372632500e-02,5.449645351205425481e-01,-3.851048733579391925e-01,-4.855759526012937144e-01,-4.079641183295526496e-02,-1.000000000000000000e+00,-9.999999975506506100e-01,4.664633536578345341e-01,-5.743668200016245340e-01
-9.993480563953882623e-01,-4.028543509691447366e-01,-1.091754017144441202e-01,-9.457933141012371259e-01,-1.650682506838615504e-01,-7.143944764978257256e-01,-9.924684475058891397e-01,-7.223150587858633287e-01,-8.066901468731896285e-01,-9.885127409774352447e-01
-9.999990468731008164e-01,-7.460929114931060813e-01,-1.696209303450725014e-01,-4.349217267504751905e-01,6.993440917136467538e-02,-3.883284735830085377e-01,3.631748604077478793e-01,-5.478643009858569224e-01,-9.983540148785826629e-01,2.785895712371938560e-01
-1.238696972724833006e-01,-1.000000000000000000e+00,-9.999999878280945165e-01,-1.000000000000000000e+00,-9.999999999999996669e-01,-1.323908719076110629e-01,-9.999999641666798000e-01,-9.999999392667419107e-01,-4.165139144200443178e-01,-2.988338810689891156e-01
-1.000000000000000000e+00,-9.549660451266481775e-01,-4.109168391509748774e-01,-9.619416364370908523e-01,-9.832842467999323155e-01,-9.997215417061598997e-01,3.496586413575253904e-01,-9.567111942756187926e-01,-1.627430663727611471e-01,-9.062066177595647920e-01
-9.999999999999996669e-01,-9.776280029975721320e-01,-9.550220426437746601e-01,-6.074590803217667923e-02,-9.449955504175678866e-01,-9.999999313670878687e-01,6.023845719348729366e-01,-1.000000000000000000e+00,-3.688144374691860183e-01,-9.999999532019953064e-01
-9.999999999999997780e-01,-9.998325788578421580e-01,-3.485149440482612770e-01,1.695717575807830502e-01,-9.999999458409154496e-01,-5.307359144067251566e-02,4.604848378461665614e-01,-9.999999999999997780e-01,2.103734687364378630e-01,-3.886590619001159541e-01
-9.999999234522333191e-01,-7.592753249462705911e-01,-1.260167290603146362e-01,-8.239839240535730136e-01,7.143902209433246053e-01,-6.604348189513906675e-01,4.552292707155233820e-01,-4.984153191550237394e-01,-1.000000000000000000e+00,8.928511391617666160e-01
-1.000000000000000000e+00,-2.875657276322758360e-01,7.410161600528487359e-04,-9.240133237195868876e-01,-3.965538983616637703e-01,-2.507526171505343737e-01,4.429726310545389900e-01,-6.343316589264348382e-01,8.997631402804601164e-02,-7.953646832618571638e-01
-1.000000000000000000e+00,6.455489215334909714e-01,8.029189372097421395e-03,-1.963408670153538593e-01,-7.880237790100191875e-02,1.686331804445687921e-01,9.228296228766335041e-01,-1.473046243168071867e-01,6.371257112368595710e-01,-2.971047846949091964e-01
1.373296042678717188e-01,1.228528018135756350e-01,-9.537831449451369403e-01,3.034402046579143253e-01,-9.303444055971399340e-01,6.576397856551764731e-02,1.271453458009996207e-01,-8.947623555228374492e-01,8.601050271598095209e-01,-9.857530359044219814e-01
-9.338774058034882142e-02,2.767558482209198645e-01,-9.355523067316298125e-01,-9.184850006037185155e-01,-7.707212864752345238e-01,5.219953090621021197e-01,3.417891027307790597e-01,1.511097027205295373e-01,2.200071787955220348e-01,-1.849513364889161793e-02
-8.464695022263122315e-01,-2.061578058794760193e-01,-6.332790531202645012e-02,3.880428951084595179e-01,-2.694218341753878421e-01,-7.831051121438338536e-02,8.258258069906863064e-01,5.347064351965046258e-01,2.008061658046370046e-01,6.347853975636673640e-01
2.301308145615612866e-01,9.361296428817333926e-02,2.398116989536967780e-01,-8.414169251401873995e-01,4.031398372868985613e-01,7.412713392379721711e-01,-8.829016920513963473e-01,6.817706311011524356e-01,7.574957211121986500e-01,-6.476542713486046488e-01
8.626128279834414103e-01,-3.486859051544324850e-02,2.960685098956560846e-01,-6.660750882217059132e-01,9.937999393488992916e-02,-1.950743782103037949e-01,4.779766120762934389e-01,-6.258532931697909085e-02,-2.895607138217531906e-01,-1.389301762065264789e-02
-1.055386088920613197e-01,-2.919190943767258073e-02,-7.705461264587887271e-01,3.301315524611577734e-01,-6.661415015121611161e-01,-7.875360232108019609e-02,-2.956723080575470730e-01,2.492243954033778741e-01,-4.801432638386778778e-02,8.513739850434947076e-01
5.840994114791641101e-01,5.677462354884558193e-01,7.703532903932976961e-01,5.362833537919751148e-01,-7.866359864006492453e-01,1.294721514485829561e-01,1.606124565958861328e-01,-1.034673514666823724e-01,-8.763209787898044167e-01,2.033986668966722144e-01
-6.621500195177542070e-01,7.883975941310263913e-01,1.241201467018898941e-01,2.133806457053957772e-01,-1.306086743200182421e-01,-7.302829792616583049e-01,4.525308162270645362e-01,-7.846568373365452320e-01,1.213475669189380685e-01,6.015445406003745027e-02
-5.951630433160537414e-01,-4.798610470176304932e-01,1.578018869904691812e-01,1.968822177355125658e-01,8.246802866347466843e-01,-8.192252690075772781e-02,-8.394708012810824238e-01,-6.645196554912167208e-01,6.738512223542583168e-01,-4.080388512802760603e-01
-2.271934517984220969e-01,-3.029600178663188759e-01,7.894758708700617689e-01,2.322962159046173397e-02,5.637060297063099801e-02,-1.851065772194758763e-01,2.930573748705985609e-02,-3.594998713662865830e-01,9.320321698532456622e-01,-2.398709343611667433e-01
7.607568318583923794e-01,1.156698293999208621e-01,5.595654160164849067e-01,7.652366960642239535e-01,-4.004358084578740207e-01,-3.717458539422771047e-01,-9.196159352851507318e-01,-7.200790227197804150e-01,-5.338597869650764105e-01,5.188254211942413541e-01
-5.343541986238091457e-02,-7.188498932819091802e-01,8.534292437212909199e-02,-9.593304469917425248e-01,6.280347339539152918e-01,-5.711862025003338061e-01,-4.583226801702501296e-01,-7.780735964082182710e-01,-3.126231899156846628e-01,1.618991882976600349e-02
-7.888693673976500120e-01,-9.048028044052071062e-01,3.838857204998429307e-01,-6.520247404710952654e-01,9.508912249531308314e-01,1.012369508251698691e-01,-4.905656342747269361e-01,-8.125688282895211501e-01,-9.874030954109674907e-01,5.172963577641349897e-02
-4.841374004432907885e-02,5.453098976959922517e-01,6.361334628096575461e-01,5.866959400848111850e-01,-2.208322086149486496e-01,1.642994482542123047e-01,-5.115748525754691967e-01,-7.984390802330320058e-01,-2.743848241374609587e-01,-3.169042586730083100e-01
-3.477946614512451018e-01,6.415201804717387546e-01,2.144359300277070557e-01,-8.815663019664041200e-02,6.605632558245537744e-01,6.171012433774470951e-01,-9.589314515733550204e-01,-7.956239173611149296e-01,-1.753840287200439385e-01,5.819891448599003869e-01
-1.000000000000000000e+00,-6.981441972837220122e-01,-8.222070381787848214e-01,-2.206684165035074224e-02,-2.173632260369127989e-02,-5.500657431142143006e-01,7.836343987561564806e-01,2.571881277512823583e-01,4.079639326688010992e-01,-9.052394299761103991e-01
4.137542376449909742e-02,-5.607336027928672140e-01,4.614198735957551478e-01,-9.618789744740832148e-01,-1.687812311420299471e-01,-4.805670233635987443e-01,5.571132063113576338e-01,-9.249130756798065178e-01,-9.816047573885011701e-01,7.614553403852846181e-01
-1.000000000000000000e+00,2.918979194721585957e-01,-5.443229493928876117e-01,8.615739795536436763e-01,3.200111373349981969e-01,7.169155502214300535e-01,-9.027268469098439496e-01,-7.206842172202274632e-01,5.852821059965950257e-01,3.134473190406731336e-01
-8.961726869749386815e-01,4.614382107084588625e-01,9.223934385967441640e-01,-2.445157978510944380e-02,-4.541046189540798306e-01,-1.272603138505175868e-01,-6.586431259694792706e-01,8.740880340994470199e-01,-3.530276946711034536e-01,3.195406314199780717e-01
-1.000000000000000000e+00,-9.999999999999998890e-01,6.321840971757086702e-01,-9.999999974509754530e-01,-9.999999424706247364e-01,6.541300382616256348e-01,-9.999999508018743155e-01,-1.000000000000000000e+00,-1.000000000000000000e+00,-9.999999999999998890e-01
-9.894940544685494332e-01,-1.622247631497814591e-01,-2.773117445195850128e-01,-9.867219916957341574e-01,-9.913647251254149584e-01,-9.993696255873308898e-01,-9.956913511554428275e-01,-9.883302509657354573e-01,-2.894529546115527929e-01,-4.938302470721389059e-01
-9.687319120270920791e-01,-9.547911951976628675e-01,-9.724781518638828670e-01,-9.918217831170932364e-01,-9.794911543838346057e-01,2.430593343524220518e-01,-9.962117984747066446e-01,-1.617700065600839177e-01,-9.727781758739123541e-01,9.922508385307863277e-01
-9.999999999999997780e-01,-1.000000000000000000e+00,-1.000000000000000000e+00,-9.999999999999997780e-01,-6.041476041329050251e-01,-1.000000000000000000e+00,-9.999999390393427001e-01,-9.999999959171411712e-01,-1.000000000000000000e+00,-9.179996243312555926e-01
-4.871291922126165241e-01,-1.000000000000000000e+00,-3.905899249252362537e-01,-1.000000000000000000e+00,-9.999999264142033217e-01,-9.999999222566930968e-01,-9.999999999999998890e-01,-9.999999820319027677e-01,-9.999999840949308494e-01,-9.999999671356927244e-01
-9.984580410300307740e-01,-6.743513078443910125e-01,-9.904271374083594148e-01,-9.761346787002979086e-01,-9.712962057572388508e-01,-7.285610776656094023e-01,4.852463052674529237e-02,-9.713912488684561808e-01,-9.960921188453645270e-01,-3.048411110813539771e-01
-9.977434160133745733e-01,-9.505362359020843588e-01,-9.835554102124440812e-01,-9.895904171800214977e-01,-9.979953826943742667e-01,7.202591699094679223e-01,-9.995013007203789046e-01,3.718716418938913804e-01,2.726141979544394744e-01,-9.840673787922529225e-01
8.303124066968173844e-01,-9.999999999999998890e-01,-9.999999999999997780e-01,-9.999999999999997780e-01,-1.000000000000000000e+00,-9.999999650704758380e-01,-9.999999519976215945e-01,-9.987860623025720530e-01,-9.872583110886951063e-01,-9.999999999999996669e-01
1.550705640076634750e-01,-9.916181264892385272e-01,-6.935071453777567063e-01,-7.577620650076936082e-01,-9.694766716826984654e-01,-9.673268931327460018e-01,-9.956301600662769147e-01,-9.999999679312001621e-01,-9.914250727594419166e-01,-9.820772370100667725e-01
-9.998322438973953341e-01,-5.880781600629235717e-01,-3.612907547285779675e-01,8.630854749307846907e-01,-9.999213368239543431e-01,2.833321315608426372e-01,-9.906047849649083359e-01,-4.895780798208249074e-01,-3.166761232852285946e-01,-9.760910657065713369e-01
-9.989098572784941288e-01,-9.527734113047797715e-01,-2.699019158305079880e-01,-9.732576609168330783e-01,5.518389166068101703e-01,-9.560366589487574451e-01,-8.954299299324989247e-01,3.537669589533346676e-02,-9.687949415333718672e-01,-9.781435419402840781e-01
9.311488334446870185e-01,-9.999999999999998890e-01,-9.999999999999998890e-01,-1.000000000000000000e+00,-1.000000000000000000e+00,-9.999999859471603303e-01,-6.226680025109786465e-01,-1.000000000000000000e+00,-9.999999384248050571e-01,-1.000000000000000000e+00
-9.995957623571996020e-01,-9.267257026240784956e-01,-3.469569938475960402e-01,-8.295430253052619163e-01,-9.895755054849397769e-01,-1.387305272944759915e-01,-4.141076348678493502e-01,2.633236718934325316e-01,-9.829361987704745562e-01,-9.594622492750825016e-01
-9.993224811256528062e-01,8.644636308076895925e-02,-9.889800329176445803e-01,-9.997984099466249441e-01,3.226571308937401517e-01,8.417937781932038899e-01,-2.590728798915839862e-02,-9.999687716125492676e-01,-9.905598822563557171e-01,-9.945942031541232797e-01
-9.995139592706399068e-01,-9.940667217759588947e-01,6.898878015699516641e-01,-9.995311223618159602e-01,-9.827907845335004389e-01,-1.152272104677214658e-02,-9.906407706327369223e-01,-9.733146670802736988e-01,1.317392092560479844e-01,7.110968629300296051e-01
-9.992903939040073125e-01,-5.642553142713603309e-01,-3.576152004097770676e-01,-9.474428655911925068e-01,-7.367775036906023534e-01,5.162269143481089673e-01,-3.605305762091023936e-01,-9.318007262843500671e-01,-1.114163615398518492e-01,-9.922249499524113947e-01
5.102363782435992423e-01,-9.999999999999998890e-01,-9.999999960807256505e-01,-9.999999999999997780e-01,-9.999999084269737271e-01,-9.999999999999998890e-01,-9.773636168785350131e-01,-9.813526210349167167e-01,-9.796874246885209914e-01,-9.999999999999997780e-01
-9.995071023030003277e-01,3.457494704167368149e-01,-7.623996519327204124e-01,-7.491969671800877695e-01,-9.998832059416896678e-01,-6.492810701577470534e-01,-6.917564010809592601e-01,3.503927266893396841e-01,3.017192738382853956e-01,-9.807374277378606564e-01
9.999999559353587308e-01,-1.000000000000000000e+00,-9.999999805565059630e-01,-1.000000000000000000e+00,-1.000000000000000000e+00,-9.999999999999996669e-01,-1.000000000000000000e+00,-1.000000000000000000e+00,-9.999999958200159744e-01,-9.999999518169366830e-01
-9.999999940473145443e-01,-9.999999871363266513e-01,-9.999999789873837974e-01,-9.929970545743806998e-01,-1.000000000000000000e+00,-3.557713392764682570e-01,-9.251780289851672112e-01,-6.887879516508741418e-01,-9.977306608969688240e-01,-4.484714018488022425e-01
-9.951475165627128305e-01,-9.934050384405577194e-01,-7.798225474361156762e-01,6.166120525949660980e-01,-9.963141092099484508e-01,7.344437170244942636e-02,3.915709653748087882e-01,-9.826934992498013166e-01,-9.917380557321846535e-01,-5.669153473671788568e-01
-9.971213800393489146e-01,-9.935422677223825216e-01,-9.410813619520708162e-01,-1.576915967000554197e-01,5.099999029283358576e-01,-9.848156119233569816e-01,-8.420353355908309911e-01,-8.725481632443861102e-01,-9.101722438513404345e-02,-1.503185532780093592e-01
9.899064108193390554e-01,-9.044461017413121251e-01,-1.000000000000000000e+00,-9.975586425779309208e-01,-1.000000000000000000e+00,-9.987262652732585844e-01,-1.000000000000000000e+00,-9.768864841386082354e-01,-1.000000000000000000e+00,-1.000000000000000000e+00
-1.000000000000000000e+00,-9.426414391972860463e-01,9.227343951685541557e-01,-8.838754695933461747e-01,3.472499962057136458e-02,9.119028871279620807e-01,-1.000000000000000000e+00,-1.000000000000000000e+00,-4.488573416595580401e-01,3.290537138233041170e-01
-9.992624056376069319e-01,-1.718410339240678819e-01,6.961131756006916360e-01,-9.990820105339642820e-01,1.395941735483472168e-01,-9.943614472472326327e-01,-6.260079227847080707e-01,-9.920626893938594426e-01,-9.947971910892520198e-01,5.517778317692059176e-01
-9.997752132511554812e-01,-9.888291443469418018e-01,7.381073956419857973e-01,-8.028554380116208478e-01,-9.913244152669011822e-01,-9.567679060630056576e-01,2.990650791753027837e-01,-6.850695281683101268e-01,-9.825321903451800232e-01,8.375083520548027849e-01
-1.000000000000000000e+00,-2.759905423028390925e-01,8.760598191672540613e-01,4.338445479843475727e-01,-9.939109073521760207e-01,-1.000000000000000000e+00,-7.489911936787182478e-01,-2.950207597597290787e-01,8.576097902230509495e-01,-2.310887119757538966e-01
-9.868040163318260172e-01,-1.970340194014478727e-02,-9.764008578916636427e-01,-4.424351635358358958e-02,-9.994538143669077224e-01,-9.557184225977884973e-01,-5.702741573198653047e-01,-7.037822596177112366e-01,-9.916959940727441136e-01,6.071023903626153739e-01
-1.000000000000000000e+00,3.387580720111336152e-01,-9.999999983875452747e-01,-6.710088327689992527e-01,-9.999995369215113339e-01,-9.999992066205467545e-01,-7.489837200936741990e-01,8.286877276932937963e-01,-9.999993539075430204e-01,3.246444039907827595e-01
9.687399824750867472e-01,-9.997085028350962688e-01,-1.000000000000000000e+00,-3.606358482585479419e-01,-9.734524527885594081e-01,-1.000000000000000000e+00,-1.000000000000000000e+00,-1.000000000000000000e+00,-7.157811225310891645e-01,-7.001507478116342220e-01
-1.000000000000000000e+00,-1.000000000000000000e+00,-9.266185311812061842e-01,3.420065269359697790e-01,8.448553151347564238e-01,-5.964319182709791889e-01,7.897816737775486748e-03,-3.361252470449958563e-01,-9.811259688498427112e-01,1.615874937275038614e-01
-9.919683579150175845e-01,-9.938505353513168439e-01,7.498203958892235566e-02,-9.715373694088229595e-01,-8.208754058774623275e-01,-9.924669184913084141e-01,-7.198945565913199562e-01,-9.349571904928829502e-01,7.840213968513258802e-01,-2.004735903034391212e-02
9.708768412957111682e-01,7.363234893223150612e-01,-1.000000000000000000e+00,-6.655951418756823612e-01,-2.220329756369870122e-01,-1.000000000000000000e+00,-7.664563756465707645e-01,-7.577285067490403536e-01,-1.000000000000000000e+00,-1.000000000000000000e+00
-1.000000000000000000e+00,6.192637620490267780e-01,-7.023702183464697324e-01,-3.662129873116565792e-01,-6.073475768548309423e-02,-1.361858578531166264e-01,-1.019118673753798832e-01,-2.490255467998547523e-01,1.859470081174526834e-01,-1.000000000000000000e+00
-7.593558243600936342e-01,-5.714090425560571784e-01,-2.554230385149940941e-01,2.727710430823545584e-01,7.069539644453751159e-02,-1.000000000000000000e+00,-1.000000000000000000e+00,-9.661013806187173092e-01,-1.000000000000000000e+00,-1.000000000000000000e+00
-1.000000000000000000e+00,-4.187884791125197625e-01,-6.693754231914736397e-02,6.978435370602786847e-01,2.273702574009517086e-01,-1.827763769254854009e-01,1.682618538841397504e-02,4.747072293071191162e-01,1.657278073736408730e-01,-9.278332447551831397e-01
-9.987581257825213221e-01,2.310121803466172741e-01,-6.465847704404562579e-01,6.593001369449128513e-01,-4.911131424802511747e-01,6.761734437132613795e-01,-7.550318737613020970e-01,-9.657676197827383957e-01,-7.243465852231556479e-01,-8.867301135327181338e-01
-1.000000000000000000e+00,-1.304769808584708424e-01,-1.000000000000000000e+00,4.292760192415526199e-01,6.538512939696962123e-01,9.275707655372767979e-01,-6.687203913519091936e-01,-2.392918955319190688e-01,-5.916670285661213002e-01,1.198684172470911302e-01
-1.000000000000000000e+00,-9.222890811547898582e-02,-8.449995233669239658e-01,-7.755794114984851939e-01,-9.955245498612592669e-01,-2.769101420472183106e-01,-2.030895456173295865e-01,-9.954800022239568280e-01,-7.449146220240911997e-01,-8.162659645901577665e-01
-1.000000000000000000e+00,3.362970067664045604e-01,-9.575352636320868527e-01,-5.454883578176386028e-01,-6.961152028230453981e-01,-9.969360650712431049e-01,-1.000000000000000000e+00,-7.699384649913715295e-01,9.624810456089271105e-01,-8.345358504897517626e-01
9.646445181931315727e-01,-8.038581288888603238e-01,-6.351937169488970358e-01,-7.418664959273086890e-01,-8.494017006547027737e-01,-1.000000000000000000e+00,-4.789535611826929717e-02,-1.000000000000000000e+00,-1.000000000000000000e+00,-1.000000000000000000e+00
-9.994200694987990241e-01,-3.572838478964815989e-01,-9.993315760630298028e-01,1.218589043158636864e-02,6.804761759610304661e-02,-3.905012569589075277e-01,-8.656053610432805634e-01,-9.661690099080132432e-01,-7.849630706498322841e-02,3.650055234047193120e-01
9.085410449327044891e-01,-1.000000000000000000e+00,-1.000000000000000000e+00,-1.000000000000000000e+00,-3.748899618409509138e-01,-1.953114383878864213e-01,-1.000000000000000000e+00,-1.000000000000000000e+00,-1.000000000000000000e+00,-1.000000000000000000e+00
-9.961931831593784370e-01,-1.794812409697674194e-01,-9.850358417831605040e-01,1.996138428270624599e-02,-7.036659035697766518e-01,4.956492019116963410e-02,-3.696756589354784350e-01,-9.994930857662736035e-01,-9.423021407675970240e-02,5.449680927461857116e-02
7.637563270673598526e-01,-5.538365086012977390e-01,-1.000000000000000000e+00,-9.262448769366704582e-01,-1.000000000000000000e+00,-1.000000000000000000e+00,-5.314373140875150447e-01,-9.717445673933998718e-01,-9.800879061826011096e-01,-1.000000000000000000e+00
-1.000000000000000000e+00,-9.992908093453628515e-01,-9.313715819403327323e-02,-9.790145035801310902e-01,-9.651659514828450082e-01,4.831784570608972373e-01,-4.187955434727890225e-01,-1.418269889960759034e-01,9.256572736387341793e-02,-1.103475232472189843e-01
-9.961841093757713983e-01,-5.803275785383870539e-02,-6.789905667410243151e-01,-8.965983548058720221e-02,-9.249535790401328672e-01,-7.003195636087668208e-02,-8.927977112834970530e-01,1.231513382339627649e-01,1.842534166989478334e-02,-7.911938480369712368e-01
-1.000000000000000000e+00,-4.039343556358853116e-01,-2.943550235675282400e-01,-1.000000000000000000e+00,-8.328937768005844067e-01,-2.894263662551530558e-01,-1.000000000000000000e+00,2.287513107484473729e-01,-4.918815230247202547e-02,-3.473132192152851849e-01
-1.000000000000000000e+00,-1.794755898349751147e-02,-2.277225009234947750e-01,4.060609296108149135e-01,-5.815297709891148470e-01,-4.294939447368432139e-01,2.361935371761677421e-02,-9.948232735544551009e-01,-2.422267754601154788e-01,-3.386227127443960372e-01
9.386868204397864623e-01,-1.000000000000000000e+00,-1.000000000000000000e+00,-1.000000000000000000e+00,-8.090496040514087994e-01,-4.456957541162969716e-01,-1.114978315661453029e-01,-1.000000000000000000e+00,-6.816859921029101432e-01,-6.602257768688557515e-01
9.923100506408749633e-01,-9.319638617824322901e-01,-1.000000000000000000e+00,-3.211183099452852296e-01,-9.460875479082814232e-01,-1.000000000000000000e+00,-1.000000000000000000e+00,-9.512967477868345956e-01,-1.000000000000000000e+00,-1.000000000000000000e+00
-1.000000000000000000e+00,-9.321401200594583436e-01,-9.826899214293708384e-01,-5.598811892033001697e-02,3.017275370690117864e-01,2.855017080163577692e-01,-5.822176558536157343e-01,7.097946576672034547e-02,5.851564440876767526e-01,1.604379854016537432e-01
-1.000000000000000000e+00,-3.980616104212070794e-01,-9.886287709687644476e-01,-9.956986323202925426e-01,-9.577500523149498068e-01,-1.000000000000000000e+00,-2.835837916978373174e-01,-1.000000000000000000e+00,-1.000000000000000000e+00,-9.100260374745288150e-01
-9.988169914245581538e-01,-9.834165605351329331e-01,-4.087693307387850750e-01,-9.730875196581966202e-01,-4.921988766720312991e-02,-9.831792085029181782e-01,-4.325871497723259851e-01,-2.297691530393101700e-01,-9.209901050302898851e-01,1.566866651373023667e-01
-9.973599345185534260e-01,-9.764151453109494172e-01,3.234936544733063579e-02,-2.049434956332240876e-01,-9.991207866435278806e-01,9.548233639038161691e-01,-9.426612059629080331e-01,-1.036147826987866422e-01,-8.641896986618244902e-01,-9.923824599606725361e-01
-9.993355517742453786e-01,-9.569112943674846772e-01,-6.697794941366631560e-01,3.227964190099277264e-01,-9.158230906749678102e-01,-4.833212156766885648e-01,-4.425872434295106683e-01,-9.660426771953092295e-01,-4.212543535085130908e-01,-9.629734828686464798e-01
-9.998763651439489530e-01,-6.622299061225423999e-01,-9.954833829097067266e-01,-2.365144087933797878e-01,-2.985340220128517852e-01,-9.868559353293959724e-01,-2.794571122912982153e-01,-9.974137253217328913e-01,-2.131312789430582499e-02,-1.687014916251126373e-01
-1.000000000000000000e+00,-3.244996240646140784e-01,-9.633972508492342213e-01,-3.203736509548064104e-01,3.743271555834619124e-01,-9.779554160567657251e-01,-9.803642987553152777e-01,7.084174520584232693e-02,-8.036488423285817473e-02,-3.663591288479302599e-01
-4.142556543224207299e-01,2.440104992301685705e-01,-9.942303242913298478e-01,-5.958039547433060523e-01,-1.714703134864815903e-02,-9.514513044528514207e-01,-8.256166701513429906e-01,-9.612767292792645524e-01,-9.809908483633502652e-01,-4.259644063117586366e-01
-9.999999822953483664e-01,3.225764812879082233e-01,-1.979693928104697409e-01,1.047526695775129746e-01,4.032789371042459770e-02,8.993382909073307369e-03,-9.248768932948423505e-01,3.143862697974184606e-01,-4.547485497532010035e-01,-9.535666032626290978e-01
-9.803367343903975906e-01,-6.219803908697266737e-01,-5.776252402603538894e-01,-8.981170863333705068e-01,-6.300571891734094154e-02,-1.000000000000000000e+00,8.040641076830996603e-01,1.144724130389917910e-01,-6.313755709489095036e-01,4.124801477550784634e-01
-1.000000000000000000e+00,3.861166609674884231e-01,6.352576324486001180e-01,-6.972207148788022169e-01,-8.397369275347968953e-01,2.224377935210591350e-01,-2.770136516738775367e-01,3.583658198927180960e-02,-7.138627554135810183e-01,3.971641768836220443e-01
1.000000000000000000e+00,-2.420515466830296947e-01,7.917254556366800644e-01,-3.815914121793399783e-02,8.542353121997191545e-01,-9.691016126241196460e-01,6.738931241659241733e-01,-9.244205499843328733e-01,5.489899700172938823e-01,4.708340301161513808e-01
-1.000000000000000000e+00,6.981625240425712864e-01,9.358835855638429901e-01,5.385083938609716570e-02,-1.447193548037815913e-04,8.651583472026870281e-01,-4.577276795259159203e-01,-5.493551872645872081e-01,-6.565079492287941854e-01,-1.856760524456803063e-01
-7.177237364320963042e-01,-5.187119826091274311e-01,-7.518428370570147123e-01,1.990535135932824384e-01,9.111737781267174041e-01,-5.272127287573706855e-01,4.168518937876758423e-02,2.503067844140026421e-02,-3.993378072739638407e-01,1.797203028775647693e-01
-1.000000000000000000e+00,2.878741079586741858e-01,-5.120664636894336486e-01,9.636386915929144870e-01,-1.000000000000000000e+00,-3.958050699250716953e-01,-4.545037199031151109e-01,-1.571508536174558157e-01,7.919113403802726658e-01,4.532763426883630320e-01
-1.037523947896287907e-01,-6.189278217293455731e-01,6.088050816480685690e-01,-9.509758615655701242e-01,-2.256421761660671044e-01,6.610542872925363467e-01,-6.748182035549538105e-02,-9.073597755990896463e-01,-3.699783626086144972e-01,-7.142089840777469112e-01
-7.382191670853864851e-01,6.525938241479776192e-01,-8.471452921943787295e-01,2.465485156473923578e-01,8.474895018575725469e-01,2.400259815656937967e-01,-4.521978279231272935e-01,5.019017869195108172e-01,4.658923623129308522e-01,-7.945106829435687468e-01
-5.977978690995734423e-01,-9.362334445219473444e-01,-2.501490081290919099e-01,6.418657153224746614e-02,-5.654747172714186254e-01,6.331894437121291519e-01,1.896758953465986844e-02,-2.263509537979023767e-01,-1.002155856417944468e-01,-4.884820049084858118e-01
-7.627520680401175812e-02,6.121805200475541886e-01,4.162760657392580166e-01,-1.118690384465711174e-01,3.783100508131193029e-02,8.858462208414684680e-01,7.136471131765700360e-01,1.097828164759910574e-02,4.414852838842467375e-02,3.217423255328853982e-01
-9.999999999999997780e-01,-9.397678890828267684e-02,7.841596560386313031e-02,2.153953846664745653e-01,-4.030027398580328102e-01,-6.508606530990018735e-01,-1.039174540945087405e-01,-1.716178818036922238e-01,-6.232039500599347859e-01,2.898577263497524314e-01
9.999999999999998890e-01,1.712243991450317915e-01,-7.207248622375728164e-01,1.185653110841783514e-01,-4.599987325299490504e-01,6.101592328285507794e-01,-1.114822077097535058e-01,-6.709045200230028261e-01,4.118235432206120428e-01,7.806280462899773953e-01
4.477607416132499685e-01,-2.446009461701034171e-01,2.560603458392787246e-01,-4.133901676396393998e-02,8.501749643688129299e-02,8.968572484577880255e-01,-8.174561722057305246e-01,-1.760184188635690039e-01,1.337058648749026024e-01,-7.046143415754234640e-01
6.148551170539087174e-01,3.205328377772257431e-01,5.235463729034764979e-01,5.818361439736297047e-03,-1.000000000000000000e+00,7.826885775611815976e-01,-7.018963282375767498e-01,-6.634875326043701005e-01,-8.415317382802444124e-01,-9.973921233665345998e-01
1.000000000000000000e+00,3.751027113123948653e-01,1.763303400706815460e-01,2.135610799147238947e-01,7.044861386308324258e-01,-9.264831976482764686e-01,4.938659147371549651e-01,-3.855794501136072805e-01,8.366240531035122885e-01,1.963399388111876642e-01
-5.075482650415232833e-01,-5.913847172218429371e-01,-1.399321052611765537e-02,3.387104008797983123e-01,-9.506854630161128972e-01,8.192822717825284373e-01,-2.867922950288465112e-02,-3.154433931895196386e-01,-8.201850746757333166e-02,-9.811445580546884759e-02
5.460209268589677478e-01,4.487718992460539846e-01,6.615424806057916829e-01,-7.030669098891271229e-01,7.872212579903747898e-01,6.260860771865046637e-01,2.809863436185729424e-01,-9.557934290336418393e-01,-3.983443376239230171e-01,-2.700604700099961120e-01
-9.294156336780670657e-02,1.885139737498897905e-01,4.458430045486654891e-01,5.198889062055593868e-01,8.951584818336406901e-02,9.325906569862917328e-01,-1.074718673451241779e-01,1.201885151174559019e-01,-7.593103748525487084e-01,2.418796511507295688e-01
1.000000000000000000e+00,4.975889915925937323e-01,-8.263831768248446341e-01,9.131880917949575238e-01,6.812750409939549723e-01,1.331261221940451267e-01,-3.596044914205179799e-01,-3.674948645090515553e-01,-8.864437047718918272e-01,-1.915069231220410673e-01
-1.000000000000000000e+00,-8.849817038966860672e-01,8.311210079978711418e-01,-6.191644842353845046e-01,6.978307217053296707e-01,8.466894222724546948e-01,6.629650315048494225e-01,6.281807019759951816e-01,-9.801235873358293826e-01,7.494788590679629658e-01
